
Start time (time):1456784861670693668

Carving statistics:

carv-start-time,carv-file-no,carv-start-blk,carv-stop-time,carv-stop-blk,file-len-in-blocks,total-carved-blks,total-blks-processed
---------------------------------------------------------------------------------------------------------------------------------

Calculating time of 1000 random block accesses. For each block a LIBLINEAR test for JPEG data is included into the timing.
Distance jumped (+/-), start time, finish time (in process timer ticks):
--------------------------------------------------

Calcluating regression for the jump test...
---
x[]:
5.880639e+08,6.887233e+08,-7.631981e+08,-3.348612e+08,3.086094e+08,1.847596e+08,8.267761e+08,-1.044364e+09,-1.701875e+08,7.761014e+08,-6.098342e+08,9.058738e+08,-1.274531e+09,2.215153e+08,-2.666364e+08,1.010871e+09,8.053401e+08,-1.012214e+09,-4.750734e+08,-3.358984e+08,1.616439e+07,3.854874e+08,-2.513357e+08,1.271638e+09,-1.331491e+09,1.609556e+09,-7.501384e+08,2.289857e+08,-3.412755e+08,2.910975e+08,3.804221e+08,-8.345570e+07,-1.167663e+09,-1.888175e+08,1.341250e+09,-6.650950e+08,-1.980164e+08,2.145008e+08,4.380245e+08,-3.682039e+08,9.906022e+08,-1.718097e+08,-1.609814e+09,1.669596e+09,-1.709861e+09,7.707500e+07,5.329837e+08,1.049004e+09,-7.411804e+08,5.791030e+07,7.131058e+08,-7.250160e+08,4.433977e+08,2.678116e+08,-1.406903e+09,1.065432e+09,-7.615761e+07,-9.557820e+06,-8.530664e+08,-4.174331e+08,2.815397e+08,-2.786858e+08,1.452636e+09,-8.861232e+08,1.292063e+09,-1.113164e+09,5.962654e+08,-1.053437e+09,1.248820e+09,-1.113194e+09,7.258431e+08,9.193880e+07,-1.091045e+09,1.069555e+09,-3.859489e+08,1.106144e+09,-6.129371e+08,1.470348e+08,7.665007e+06,-1.354118e+09,2.049451e+08,7.207708e+08,6.835013e+07,6.483427e+08,-1.158901e+09,8.089307e+08,-4.337094e+08,9.124248e+08,-1.348111e+09,8.607078e+08,4.949917e+08,-1.066571e+09,3.880636e+08,-5.897154e+06,1.947894e+08,-4.673566e+08,-9.251029e+08,5.970963e+08,6.266904e+08,1.297589e+08,-3.221389e+08,-7.949501e+08,2.216977e+08,5.403414e+08,4.685629e+08,-1.642512e+08,-5.009979e+08,-1.443742e+08,-1.721642e+07,-4.933328e+08,6.489919e+08,1.877287e+08,2.274380e+08,-1.236183e+09,6.421129e+08,1.216020e+09,-6.212108e+08,4.023620e+08,-1.903840e+07,1.781621e+08,-8.844138e+08,4.759533e+08,-8.884090e+08,-4.963502e+08,4.700561e+08,1.453864e+09,-9.637068e+08,-6.490052e+08,9.743517e+07,-3.370164e+08,1.628237e+09,-2.247037e+08,-1.131967e+09,-2.975486e+08,3.156376e+08,1.484080e+09,-4.617998e+08,-1.853602e+08,-8.077778e+08,-2.850577e+08,1.274832e+09,-1.587858e+08,-2.912875e+08,-4.512551e+08,5.585563e+08,5.447839e+08,-1.382718e+09,-6.265459e+07,9.471459e+08,7.457269e+08,-1.838018e+09,6.273208e+07,1.027722e+09,-7.729015e+08,-2.396596e+08,1.497778e+09,-1.466521e+09,7.501587e+08,1.042731e+09,-1.369086e+09,4.131422e+08,5.234848e+08,-1.399831e+09,1.234701e+09,2.259362e+08,-1.278152e+09,7.652558e+08,-2.358636e+08,6.839714e+08,-4.252196e+07,-7.148798e+08,5.278314e+06,-2.013078e+08,1.141316e+09,-4.459768e+08,3.572485e+08,-4.613835e+08,3.187885e+08,2.945939e+08,-1.661721e+09,1.064515e+09,4.101014e+08,-1.405031e+09,-5.524645e+07,1.784683e+09,-1.838649e+09,1.636490e+09,-1.635363e+09,6.710766e+08,7.256959e+08,-1.050924e+09,1.278177e+09,-8.983030e+08,-4.972297e+08,5.593530e+08,-6.723667e+08,3.721018e+08,1.324609e+09,-9.082303e+08,-8.974520e+08,1.088128e+09,5.243736e+08,-1.086132e+09,1.080779e+09,-4.817937e+08,6.153747e+08,-7.094561e+08,-9.431771e+08,9.341633e+08,-4.148622e+08,-4.574147e+08,-1.488049e+08,-4.760795e+06,9.107976e+07,-1.009286e+07,1.779923e+09,-1.747569e+09,1.626397e+09,-4.939861e+07,-1.076492e+09,3.985677e+08,-9.063638e+08,7.726374e+06,1.647748e+09,-1.597552e+09,7.610379e+08,9.753817e+08,-1.225450e+09,-6.183694e+07,6.715141e+07,-1.693770e+08,1.220250e+09,-1.555959e+09,8.919745e+08,1.535454e+08,1.097313e+08,-6.401344e+08,-5.559107e+08,1.314038e+09,2.940289e+08,-9.707728e+08,8.566231e+08,1.452240e+08,-9.755336e+08,9.477029e+08,1.351312e+08,-1.343095e+09,1.153659e+09,-1.919970e+08,-1.392493e+09,7.716656e+07,2.065707e+08,-3.453318e+08,2.788514e+08,-2.931645e+08,2.045998e+08,1.039889e+09,-1.271308e+09,9.326748e+08,9.780524e+08,-1.398115e+09,9.572563e+08,5.081865e+07,-8.065901e+08,-2.982528e+08,2.043641e+08,-5.029002e+08,1.015138e+09,-3.515466e+08,6.171791e+08,-6.443583e+08,8.251642e+08,-6.736814e+08,-4.991342e+08,-1.503694e+08,2.740214e+08,-3.640031e+08,6.540197e+08,-7.198032e+08,1.591484e+09,-7.384735e+08,-6.426367e+08,-1.554709e+08,8.697199e+08,-3.637853e+08,-6.425939e+08,1.268278e+09,-1.277421e+09,3.962330e+07,5.346935e+07,1.654156e+09,-1.358492e+09,1.204684e+09,-4.425086e+08,-1.759819e+07,-1.047094e+09,1.715381e+09,-7.144569e+08,-3.195581e+07,-5.896912e+08,-9.727781e+07,1.471170e+09,-1.718052e+09,1.182566e+09,-1.175448e+09,8.510367e+07,1.650546e+09,-1.539451e+09,7.391233e+08,-1.022783e+09,5.203220e+07,6.498540e+05,9.414746e+07,-1.034387e+08,8.703697e+08,-7.567931e+07,-7.460325e+08,-8.835751e+06,6.004247e+08,-7.064092e+08,2.385921e+08,1.070975e+08,-1.113758e+08,1.637235e+09,-3.354111e+08,-1.289740e+08,3.961824e+08,-5.735557e+08,-8.434309e+08,3.642266e+08,9.842368e+08,-9.407087e+08,-3.120875e+08,1.219710e+09,-1.711668e+09,6.599479e+08,-6.487116e+08,1.892403e+09,-8.795035e+08,-1.035467e+08,8.696204e+08,-8.274713e+08,-1.028969e+08,-7.957988e+08,8.286568e+08,9.614313e+08,-1.065437e+09,8.262424e+07,-8.069711e+08,1.488513e+09,-8.177434e+08,-5.683790e+08,-1.639559e+08,1.024406e+09,-8.846695e+08,1.260200e+09,-1.058093e+09,1.465038e+09,-1.266881e+09,2.459595e+08,-3.182189e+08,-2.826443e+08,1.452734e+09,-6.303064e+08,-1.016460e+09,1.694592e+09,2.964150e+07,9.439551e+07,-3.200558e+08,-8.498620e+08,-9.151219e+06,5.495647e+08,4.701504e+08,-1.120481e+08,-4.401926e+08,-6.547180e+08,8.493832e+08,-1.311671e+09,1.381431e+09,-1.515464e+08,1.768427e+08,-1.389837e+09,1.427558e+09,-1.810717e+08,-1.714728e+08,3.489303e+08,-8.743972e+08,9.179175e+08,-3.335153e+08,6.205339e+06,-9.836067e+08,1.495749e+09,-2.764390e+08,4.691277e+08,-1.282041e+09,6.606266e+08,2.101941e+08,-1.252399e+09,7.550221e+08,-1.098616e+08,4.522256e+07,7.458709e+08,-1.513822e+09,3.214145e+08,6.338228e+08,-4.895000e+05,-1.393451e+08,-6.642776e+08,6.413650e+08,-7.114389e+08,1.331660e+09,-1.329276e+09,4.620754e+07,6.117343e+08,6.371360e+08,-1.252653e+08,-1.186819e+09,-4.330270e+07,5.986938e+08,6.271493e+08,-2.310558e+08,-1.909544e+08,-2.458496e+07,-5.074948e+08,2.781733e+08,8.408581e+08,1.531318e+08,-1.659116e+09,1.735943e+09,-1.239330e+09,3.785058e+08,-3.663185e+08,-4.934588e+08,8.182089e+08,1.490545e+08,1.403641e+08,-1.135806e+09,9.709383e+06,1.429612e+09,-6.883993e+08,-7.017295e+08,8.077462e+08,1.298084e+08,-6.555220e+08,1.419480e+09,-1.380539e+09,1.366696e+09,-1.720864e+09,3.357247e+08,1.186498e+07,8.598106e+08,2.986274e+08,-1.790894e+08,-1.312258e+09,-1.490897e+07,9.908386e+07,1.482125e+09,-5.573563e+07,-1.560032e+09,1.264543e+09,-1.101107e+09,7.719986e+08,8.982242e+08,-1.788524e+09,1.784166e+09,-1.100205e+09,4.993237e+08,4.544016e+08,-1.090496e+09,-2.458986e+07,-2.339976e+08,3.552586e+08,7.831563e+08,-1.041892e+08,-3.002634e+08,5.515310e+07,6.627551e+08,-1.081051e+09,2.878144e+08,-9.550453e+08,1.078298e+09,-9.998586e+08,1.491066e+09,-1.248275e+09,-1.646330e+08,1.282198e+09,-1.149191e+09,1.511451e+09,-9.210210e+08,-5.617400e+08,6.285097e+08,-6.860268e+07,4.042171e+08,-6.207498e+08,2.903569e+08,4.089940e+07,4.265289e+08,-1.357803e+09,4.953010e+08,-4.700082e+08,5.711322e+08,2.613034e+08,-3.087081e+08,-5.992366e+08,1.571142e+08,1.538512e+09,-5.440835e+08,-1.133656e+09,2.635030e+08,-2.562691e+08,5.878249e+07,1.341801e+09,-1.256128e+09,1.355890e+09,2.874843e+08,-1.420761e+09,4.906043e+08,-8.617069e+08,9.068994e+07,1.717067e+09,-1.423447e+09,7.191996e+08,-4.990194e+08,1.128254e+09,9.844989e+07,-2.086625e+08,-9.783304e+08,5.249788e+08,5.810181e+08,-4.830293e+08,-1.389879e+08,-8.013748e+08,-2.217259e+08,1.699788e+09,-1.400611e+09,-6.461176e+07,1.090816e+09,2.027887e+08,-1.392226e+09,1.548278e+09,-5.348046e+07,-1.527402e+09,9.365534e+08,-1.115650e+09,1.782013e+09,-9.234459e+08,-5.828853e+08,3.190919e+08,3.623308e+08,-4.921954e+08,-1.113247e+08,1.086368e+09,2.270043e+08,-6.103441e+08,6.713781e+07,3.254542e+08,-8.190066e+08,-7.172341e+08,6.564745e+08,-2.379885e+08,7.532618e+08,7.114451e+08,-1.039363e+09,5.315358e+08,2.637491e+08,-2.924911e+08,4.669241e+08,-7.929184e+08,-8.970244e+07,-9.253020e+08,7.553592e+08,-1.431829e+08,-3.052205e+08,-2.616125e+08,5.007341e+08,-4.767329e+08,7.684667e+08,1.118073e+08,-1.576409e+08,-8.227276e+08,1.573137e+09,-2.689657e+08,6.968147e+07,-1.533838e+08,-8.793098e+08,1.368193e+08,1.720704e+08,4.491673e+08,-7.743733e+08,1.022503e+09,2.111789e+08,-2.111152e+07,-4.135352e+08,-8.281844e+08,5.104243e+08,-1.497861e+08,1.026808e+09,-1.170135e+09,1.204779e+09,-1.210378e+09,5.204636e+07,-1.873452e+08,7.939228e+08,-2.531741e+08,-6.429162e+08,1.488615e+09,-7.299070e+08,1.255505e+08,-5.470610e+08,1.259936e+09,-8.911356e+08,-9.274491e+08,9.909701e+08,-8.214541e+08,1.066651e+09,1.116604e+08,-6.846349e+08,-7.148041e+08,3.668692e+08,6.884755e+08,1.137408e+08,-1.181519e+09,4.734055e+08,-2.997944e+08,-5.617786e+07,1.177788e+09,-4.495805e+08,9.706303e+08,7.653052e+06,-1.392285e+09,-2.397477e+08,5.969941e+07,5.678535e+08,5.541751e+08,-1.934747e+08,-7.506270e+07,-1.046932e+08,-9.233817e+08,5.048780e+07,1.495729e+09,-1.616971e+09,1.112877e+09,5.682803e+08,-8.199595e+08,4.853817e+08,-5.125527e+08,-7.082991e+08,-5.294682e+06,5.322099e+08,-1.474714e+08,4.892223e+08,8.399091e+08,-1.522949e+09,1.156586e+09,-1.413410e+09,3.743988e+08,1.868910e+08,9.053421e+07,-6.084961e+08,1.945440e+08,8.457329e+08,-8.482438e+08,2.542435e+08,-5.399387e+08,1.659456e+09,6.076876e+07,-8.089599e+08,-3.987619e+08,1.284871e+09,-7.584721e+08,-8.565576e+08,1.427466e+09,-1.599120e+09,1.665248e+09,-1.346018e+09,1.033745e+09,-9.947885e+08,9.316625e+07,8.344923e+08,-2.686202e+08,-5.430517e+07,-8.237690e+08,5.712889e+08,5.702300e+08,3.328173e+08,-1.036080e+09,1.138587e+09,-1.627775e+09,1.201938e+09,5.300911e+08,-1.433231e+09,-9.981286e+07,-1.241942e+08,7.745374e+08,-8.337100e+08,1.535262e+09,-1.118219e+09,5.048137e+08,-1.010983e+09,1.666517e+08,-5.969986e+07,-1.079742e+08,1.788076e+09,-1.658820e+09,1.557274e+09,-1.705425e+09,1.328451e+09,-1.197082e+09,3.412660e+08,1.545953e+07,4.878234e+08,4.809193e+08,-8.083095e+08,1.059112e+09,-1.096334e+09,-4.754921e+08,2.303230e+07,4.225282e+07,4.421620e+07,1.224970e+09,-1.381181e+09,5.645101e+08,1.125157e+09,-1.699334e+09,1.533006e+09,2.914472e+08,-3.580301e+08,-1.538738e+09,7.962610e+08,7.784703e+08,-1.372087e+09,5.426026e+08,8.644545e+08,-1.537535e+09,6.433496e+08,4.682030e+08,-1.095477e+09,1.827528e+07,1.030688e+09,-7.542111e+08,3.373481e+07,-4.350137e+08,1.874192e+09,-7.745747e+08,6.240986e+08,-1.369626e+09,8.974169e+08,6.471309e+08,-1.327373e+09,9.416331e+08,-2.753826e+08,-7.550295e+08,-4.473820e+08,8.497746e+08,-5.008382e+08,1.279582e+09,-1.006262e+09,1.288615e+09,-2.591558e+08,-2.100008e+08,-8.039809e+07,5.162412e+08,-1.814882e+09,7.840565e+08,9.322312e+08,-9.775738e+08,-7.012657e+08,1.596321e+09,-9.592985e+08,3.294223e+08,-9.174570e+08,1.027961e+09,-1.055914e+08,7.627764e+08,-1.700138e+09,5.185072e+08,-6.068498e+08,1.344762e+09,-9.818456e+08,2.132605e+08,1.389116e+08,8.902554e+08,-5.417690e+08,-3.084704e+08,-4.074536e+08,1.104876e+09,-1.176372e+09,7.337683e+08,2.460081e+08,-1.241569e+09,3.298090e+08,1.656100e+08,1.228197e+09,-1.291114e+09,9.496665e+08,1.294491e+07,-1.212044e+08,5.444225e+07,-3.442595e+08,-1.080503e+09,3.838646e+08,6.918087e+08,1.414170e+08,2.782732e+08,-6.928985e+08,5.887623e+08,-1.350703e+09,8.477353e+08,-2.139592e+08,-1.850653e+08,1.060996e+09,-7.504758e+07,-1.442293e+09,5.192268e+08,-3.835180e+08,2.977366e+08,-3.294219e+08,3.936355e+08,1.031505e+09,-2.773723e+08,-8.479335e+08,-3.982528e+08,1.841763e+09,-1.767220e+09,2.641581e+08,8.379042e+08,3.932088e+08,1.429536e+08,-1.255137e+09,4.894935e+07,1.209934e+09,-8.712727e+08,7.407581e+08,-7.961323e+08,-5.929995e+08,4.785953e+07,-2.073700e+08,2.037808e+08,8.955948e+08,-4.213291e+08,1.871555e+07,-1.908930e+08,-4.963767e+08,7.239057e+08,3.283338e+08,-8.798947e+08,1.021642e+09,-1.950466e+08,-2.923007e+08,-9.433649e+07,-4.724189e+08,1.007249e+09,-6.865477e+08,-3.902227e+08,1.193555e+09,-4.223897e+08,2.537230e+08,-3.667615e+08,-2.794360e+08,1.146069e+09,-3.178121e+08,-1.216985e+09,2.747968e+08,4.229459e+08,1.343660e+08,-3.182027e+08,4.708055e+08,-7.300394e+07,-1.144219e+08,-7.810834e+08,1.653151e+09,-9.570636e+07,-9.719764e+08,1.156774e+09,-1.519284e+09,1.503841e+09,-1.870604e+09,1.649842e+09,-8.386892e+08,-1.542158e+07,-5.919785e+08,8.363755e+08,-9.616973e+08,6.749989e+08,2.521943e+08,2.318576e+08,4.465677e+08,-1.641566e+09,5.905455e+07,-2.682679e+07,1.651987e+09,-4.527161e+08,-1.049854e+09,-2.207001e+08,1.641883e+08,1.038038e+09,-5.389029e+08,4.410353e+08,-9.884916e+08,1.494159e+09,-3.400481e+08,-1.288866e+09,1.204494e+09,-1.118066e+09,1.627474e+09,-1.208318e+08,1.918166e+08,-4.917160e+07,-6.184738e+08,-6.468726e+08,-6.459318e+07,9.370313e+08,1.895029e+08,-1.220249e+09,-1.475365e+08,2.477388e+08,1.159092e+09,1.050727e+08,-1.199869e+09,1.024188e+09,2.722044e+08,-1.695366e+09,5.714722e+08,-5.836907e+08,3.745910e+07,5.417021e+08,4.543468e+08,-3.074853e+08,9.827374e+08,-5.341447e+08,-9.608101e+08,6.426893e+08,1.305143e+08,4.376425e+08,-6.693351e+08,-1.955365e+08,3.168107e+08,-4.775185e+08,-2.447081e+08,-1.077047e+08,8.291341e+08,-3.093013e+08,6.353681e+08,-9.348882e+08,6.179334e+08,2.938731e+08,-4.931909e+08,-3.704580e+08,3.989458e+08,4.544237e+08,6.537303e+08,-1.476333e+09,9.065414e+08,-9.222811e+08,-1.064990e+08,1.137959e+09,-3.805791e+08,3.478478e+08,-1.317010e+09,6.021583e+08,-1.862969e+08,-1.303364e+08,1.244848e+09,-5.578259e+07,3.073061e+08,-1.571971e+09,-2.513191e+08,6.241167e+08,9.799401e+07,-4.960271e+08,3.224535e+08,1.121087e+09,-8.053284e+08,9.578216e+08,-1.767327e+09,1.766130e+09,-8.957889e+08,-3.069926e+08,-5.578530e+08,1.650641e+09,1.474311e+08,-1.857648e+09,-1.965135e+07,1.053972e+09,-8.264038e+08,6.780816e+07,4.444778e+07,9.405008e+08,4.156560e+08,-1.272562e+09,-4.108661e+08,3.540065e+07,7.445851e+08,6.400231e+08,1.735765e+08,-1.095593e+09,1.215536e+09,-7.774253e+07,-4.714758e+08,-8.339540e+08,
y[]:
1.404558e+01,1.815862e+01,1.729099e+01,1.292823e+01,1.017610e+01,1.541721e+01,1.709478e+01,2.414828e+01,1.564381e+01,1.346740e+01,1.638714e+01,2.160628e+01,1.813299e+01,1.462675e+01,1.484333e+01,1.391624e+01,1.877562e+01,1.722846e+01,1.449704e+01,8.427559e+00,1.515666e+01,1.103661e+01,1.670413e+01,1.888036e+01,2.256512e+01,2.358063e+01,1.659881e+01,1.792024e+01,1.351063e+01,1.833056e+01,1.664577e+01,1.212306e+01,1.604745e+01,8.993926e+00,1.933497e+01,1.838785e+01,1.375596e+01,1.624090e+01,1.170829e+01,1.167447e+01,2.472174e+01,1.530830e+01,2.523949e+01,2.549461e+01,2.966005e+01,9.639623e+00,1.604798e+01,2.124853e+01,2.259961e+01,1.569428e+01,1.536229e+01,1.445730e+01,1.716186e+01,1.331692e+01,1.962635e+01,2.382934e+01,1.113585e+01,1.160409e+01,1.466485e+01,1.053052e+01,1.064933e+01,1.281187e+01,2.255838e+01,1.363645e+01,2.481382e+01,2.020939e+01,1.370411e+01,1.931324e+01,1.760090e+01,1.824380e+01,1.383718e+01,1.244365e+01,2.066079e+01,1.724977e+01,1.681282e+01,1.954952e+01,2.103218e+01,9.705623e+00,1.031284e+01,2.267888e+01,1.243683e+01,1.794257e+01,1.395744e+01,1.761489e+01,1.779630e+01,1.491035e+01,1.584460e+01,2.341988e+01,2.522951e+01,1.949224e+01,1.351835e+01,2.196774e+01,1.688450e+01,6.064902e+00,1.077723e+01,1.750016e+01,1.597844e+01,1.433110e+01,1.945322e+01,1.299712e+01,9.151942e+00,1.647453e+01,1.557917e+01,1.088242e+01,2.086583e+01,1.419054e+01,1.687934e+01,7.880782e+00,1.395973e+01,1.590197e+01,1.597795e+01,1.520350e+01,1.664876e+01,1.982332e+01,1.909669e+01,2.644371e+01,1.813688e+01,1.602779e+01,7.205205e+00,1.066169e+01,2.362490e+01,1.279752e+01,1.512151e+01,1.359767e+01,1.439044e+01,1.989835e+01,2.556053e+01,1.720294e+01,8.059119e+00,1.880706e+01,1.997387e+01,9.257956e+00,1.999018e+01,1.753540e+01,1.037544e+01,2.414925e+01,2.275599e+01,1.515135e+01,1.257389e+01,1.635539e+01,2.478204e+01,9.524545e+00,1.195436e+01,1.481628e+01,1.915675e+01,1.825362e+01,2.380519e+01,1.297163e+01,1.792936e+01,1.982618e+01,3.026848e+01,1.571482e+01,1.767431e+01,1.967125e+01,1.449408e+01,2.341696e+01,2.425128e+01,2.194641e+01,2.536537e+01,2.322142e+01,1.943661e+01,1.703320e+01,2.719860e+01,2.605122e+01,1.721233e+01,1.733178e+01,2.202227e+01,9.519806e+00,1.472139e+01,1.032873e+01,1.253447e+01,1.425587e+01,8.882084e+00,2.093626e+01,2.039304e+01,1.088899e+01,1.803362e+01,1.857002e+01,1.364099e+01,2.295876e+01,2.278439e+01,1.073757e+01,2.068329e+01,1.202546e+01,3.065650e+01,3.028028e+01,2.311758e+01,2.350654e+01,1.125768e+01,2.298565e+01,2.208013e+01,2.527761e+01,1.515888e+01,1.112698e+01,1.184520e+01,1.249795e+01,1.640773e+01,2.215305e+01,2.262029e+01,1.696324e+01,1.834127e+01,1.502911e+01,2.069616e+01,2.269156e+01,1.201204e+01,2.244416e+01,1.307780e+01,1.772632e+01,1.748647e+01,9.949540e+00,1.759218e+01,1.335905e+01,4.703655e+00,7.682902e+00,8.220956e+00,2.813150e+01,2.234504e+01,2.562212e+01,1.754849e+01,1.818533e+01,1.104916e+01,1.594787e+01,7.692832e+00,2.281624e+01,2.009874e+01,1.560387e+01,2.270740e+01,2.519865e+01,6.437210e+00,7.893505e+00,7.037037e+00,2.441013e+01,2.255899e+01,1.804023e+01,1.067470e+01,1.610003e+01,2.045127e+01,1.890403e+01,2.027104e+01,1.565161e+01,2.431238e+01,2.333870e+01,1.549349e+01,1.807347e+01,2.361887e+01,1.334445e+01,2.183401e+01,1.595574e+01,1.741624e+01,2.042951e+01,1.542213e+01,7.895018e+00,1.724995e+01,1.568185e+01,9.243014e+00,1.298478e+01,1.503739e+01,2.415053e+01,1.592576e+01,2.033071e+01,1.860569e+01,2.167523e+01,1.233053e+01,1.274085e+01,1.467031e+01,1.087331e+01,1.962256e+01,1.933972e+01,1.245639e+01,1.922519e+01,1.996126e+01,2.203569e+01,1.541125e+01,1.325245e+01,6.996692e+00,1.415434e+01,1.026667e+01,1.957935e+01,1.946297e+01,2.781486e+01,1.715630e+01,1.481669e+01,1.451999e+01,1.738124e+01,1.816543e+01,1.399491e+01,2.549913e+01,2.062601e+01,6.214216e+00,1.414005e+01,2.765649e+01,1.769035e+01,2.343186e+01,1.365722e+01,1.268537e+01,2.441665e+01,2.219153e+01,1.459184e+01,9.332375e+00,1.446726e+01,1.309509e+01,2.376127e+01,2.110658e+01,2.042746e+01,1.762662e+01,1.574260e+01,2.165389e+01,2.803454e+01,1.900106e+01,2.289646e+01,1.280784e+01,7.404039e+00,1.067892e+01,8.254725e+00,1.602955e+01,1.573741e+01,1.160455e+01,6.822741e+00,1.623544e+01,2.171896e+01,1.689991e+01,1.207160e+01,1.382163e+01,2.867161e+01,1.463725e+01,1.706974e+01,1.802029e+01,2.024513e+01,2.158328e+01,8.649816e+00,1.746480e+01,2.373938e+01,1.593148e+01,2.255643e+01,2.168745e+01,1.195649e+01,1.358380e+01,2.689077e+01,1.688883e+01,1.239105e+01,2.308888e+01,1.849337e+01,1.124466e+01,1.404409e+01,2.155009e+01,1.843094e+01,2.306400e+01,1.597284e+01,1.776414e+01,2.724797e+01,1.435875e+01,1.472048e+01,8.779820e+00,1.473505e+01,2.342655e+01,2.676746e+01,2.101572e+01,2.663572e+01,2.399964e+01,9.196826e+00,8.541065e+00,1.851986e+01,2.256392e+01,1.908450e+01,1.950589e+01,2.872406e+01,1.036180e+01,9.997204e+00,1.637369e+01,1.788351e+01,8.867401e+00,1.854497e+01,1.569476e+01,1.202605e+01,1.921378e+01,1.180106e+01,1.759039e+01,2.576760e+01,1.863112e+01,1.241989e+01,1.553867e+01,2.442479e+01,1.750749e+01,9.406191e+00,1.736023e+01,2.027893e+01,1.548448e+01,1.616795e+01,1.298538e+01,1.496875e+01,2.341629e+01,2.132026e+01,9.181478e+00,1.958125e+01,2.028079e+01,1.247746e+01,1.635557e+01,2.417561e+01,1.333692e+01,1.676660e+01,6.858268e+00,1.809720e+01,2.606309e+01,8.350801e+00,1.163330e+01,9.317985e+00,6.972402e+00,1.736228e+01,1.187994e+01,1.562261e+01,1.899068e+01,1.729273e+01,1.257339e+01,2.093592e+01,1.463854e+01,1.115109e+01,1.985039e+01,1.294599e+01,1.686318e+01,1.645689e+01,1.404669e+01,1.566737e+01,1.466262e+01,2.026138e+01,9.677041e+00,2.181036e+01,1.804400e+01,3.033652e+01,2.414057e+01,2.592613e+01,1.995404e+01,1.107985e+01,1.506508e+01,2.257442e+01,9.803440e+00,1.738015e+01,2.290646e+01,1.112742e+01,1.868915e+01,1.665707e+01,1.801007e+01,1.451794e+01,1.730606e+01,1.300282e+01,2.108968e+01,1.905554e+01,2.203205e+01,2.044718e+01,1.437769e+01,5.175890e+00,1.458786e+01,1.917133e+01,1.222793e+01,2.694787e+01,1.133812e+01,9.345895e+00,2.195510e+01,1.482839e+01,2.682361e+01,1.650756e+01,2.325667e+01,1.607482e+01,2.579339e+01,2.408107e+01,2.115614e+01,2.159482e+01,2.068939e+01,2.149067e+01,1.991172e+01,1.152382e+01,8.254649e+00,9.538528e+00,1.588084e+01,1.150952e+01,1.904335e+01,6.933145e+00,2.377889e+01,2.617857e+01,1.611202e+01,2.158060e+01,2.398943e+01,1.587878e+01,2.807644e+01,2.691173e+01,1.222527e+01,2.088654e+01,2.568281e+01,2.276430e+01,2.072550e+01,1.119515e+01,1.848025e+01,6.410642e+00,1.761194e+01,2.207895e+01,1.159765e+01,6.990892e+00,2.059162e+01,1.863769e+01,1.558757e+01,1.118978e+01,1.388149e+01,1.703257e+01,1.244900e+01,1.876150e+01,1.431762e+01,2.936566e+01,2.091798e+01,1.878739e+01,8.902054e+00,1.778934e+01,1.093829e+01,2.473830e+01,2.033222e+01,2.033793e+01,2.020596e+01,2.537130e+01,1.308943e+01,1.532368e+01,1.218300e+01,2.928444e+01,2.807331e+01,1.209501e+01,1.777517e+01,2.407631e+01,1.432497e+01,9.170909e+00,2.471030e+01,2.164542e+01,1.870796e+01,1.417803e+01,1.556385e+01,1.767891e+01,1.440398e+01,3.006412e+01,2.299366e+01,8.108491e+00,2.083485e+01,9.801294e+00,2.007442e+01,2.309853e+01,1.520884e+01,2.476011e+01,1.872011e+01,1.489232e+01,3.130854e+01,2.560094e+01,1.765283e+01,1.473889e+01,1.878233e+01,1.593780e+01,1.429720e+01,2.246016e+01,1.774914e+01,2.050839e+01,8.621696e+00,1.218219e+01,1.515345e+01,2.010976e+01,1.451792e+01,1.096385e+01,1.730516e+01,1.413547e+01,2.404306e+01,1.988789e+01,1.784989e+01,9.655519e+00,1.252937e+01,1.949765e+01,1.254751e+01,1.924795e+01,1.863864e+01,1.060492e+01,1.858620e+01,8.543813e+00,2.018993e+01,1.698095e+01,1.890404e+01,8.264394e+00,9.278306e+00,1.377669e+01,2.214305e+01,1.224836e+01,6.834443e+00,1.494623e+01,2.334051e+01,1.611993e+01,1.135026e+01,1.751051e+01,1.766069e+01,1.753005e+01,1.799624e+01,1.107324e+01,1.268353e+01,1.438457e+01,1.380478e+01,8.532326e+00,2.136140e+01,2.431605e+01,1.873621e+01,2.667777e+01,7.276971e+00,9.114636e+00,1.720430e+01,9.407438e+00,1.177535e+01,2.236696e+01,2.200187e+01,1.045193e+01,1.322659e+01,2.727977e+01,2.516579e+01,2.243232e+01,2.162444e+01,2.282747e+01,1.910480e+01,1.458987e+01,1.614678e+01,1.765298e+01,1.222911e+01,1.440572e+01,1.213667e+01,2.498730e+01,1.819547e+01,1.223632e+01,1.008829e+01,2.521595e+01,1.962324e+01,2.323425e+01,1.507253e+01,2.246985e+01,9.865500e+00,7.708292e+00,2.036880e+01,1.245583e+01,1.296846e+01,6.168924e+00,1.040544e+01,1.508678e+01,8.765666e+00,2.793212e+01,2.834162e+01,2.019924e+01,2.186999e+01,1.736387e+01,1.829564e+01,1.445683e+01,1.158045e+01,7.841345e+00,1.689553e+01,1.033114e+01,1.740899e+01,1.958577e+01,1.902608e+01,2.199606e+01,1.709788e+01,1.827839e+01,1.776453e+01,1.262126e+01,1.098573e+01,1.068614e+01,1.745517e+01,1.375005e+01,1.566005e+01,1.055499e+01,2.371614e+01,8.978021e+00,1.455865e+01,1.416179e+01,2.296240e+01,2.290303e+01,2.305125e+01,2.306739e+01,2.095004e+01,2.656707e+01,2.445608e+01,2.261676e+01,1.973674e+01,1.177667e+01,2.202186e+01,9.742317e+00,1.035011e+01,1.849037e+01,1.960781e+01,1.159634e+01,1.212210e+01,1.494292e+01,1.914179e+01,2.002367e+01,2.416571e+01,1.642091e+01,2.396876e+01,1.676235e+01,1.075464e+01,1.461341e+01,2.382698e+01,2.114827e+01,2.063441e+01,1.161841e+01,1.806389e+01,1.429320e+01,5.466792e+00,9.991410e+00,2.741443e+01,2.011646e+01,2.117382e+01,2.576798e+01,1.890918e+01,1.923681e+01,1.660982e+01,9.228843e+00,1.807190e+01,2.117649e+01,2.045407e+01,1.792103e+01,2.575851e+01,1.155063e+01,5.291470e+00,8.754810e+00,1.469014e+01,2.618389e+01,2.612590e+01,1.406732e+01,2.434704e+01,2.617721e+01,2.370412e+01,1.593153e+01,1.361951e+01,2.195872e+01,2.182306e+01,1.639043e+01,1.716383e+01,1.895553e+01,1.941863e+01,2.296253e+01,1.197095e+01,1.398752e+01,1.669603e+01,7.119819e+00,2.020215e+01,1.235036e+01,8.345055e+00,1.266839e+01,2.742260e+01,1.618016e+01,1.862895e+01,1.858588e+01,2.354597e+01,2.153086e+01,2.479223e+01,2.351711e+01,1.788161e+01,1.437313e+01,1.571275e+01,1.924721e+01,1.096444e+01,2.474649e+01,1.830673e+01,2.367515e+01,1.887498e+01,1.603127e+01,6.417311e+00,2.235560e+01,2.502595e+01,1.684511e+01,2.544288e+01,2.503124e+01,1.570785e+01,1.919609e+01,2.202331e+01,9.778697e+00,1.347470e+01,1.522915e+01,6.580571e+00,1.559156e+01,2.080589e+01,1.027179e+01,1.891083e+01,1.798442e+01,2.287905e+01,7.857401e+00,1.558718e+01,2.476175e+01,1.324925e+01,1.160121e+01,1.756527e+01,2.194658e+01,2.373925e+01,1.447944e+01,1.319491e+01,2.574565e+01,1.616622e+01,1.228976e+01,1.946794e+01,2.645595e+01,2.125847e+01,5.459461e+00,8.980249e+00,6.474305e+00,1.043748e+01,2.485253e+01,1.855669e+01,1.219637e+01,1.219814e+01,1.896678e+01,1.584746e+01,1.588280e+01,2.290328e+01,2.343529e+01,1.166291e+01,1.605504e+01,2.100273e+01,1.002742e+01,2.080783e+01,1.167331e+01,1.478061e+01,1.001459e+01,1.105216e+01,9.527983e+00,2.046225e+01,1.351053e+01,1.470837e+01,1.051624e+01,2.857641e+01,3.021442e+01,1.732701e+01,1.424943e+01,1.304404e+01,1.501989e+01,2.125679e+01,9.578022e+00,1.994627e+01,1.842873e+01,1.749477e+01,1.523059e+01,1.103979e+01,5.037603e+00,9.627300e+00,1.429794e+01,2.267125e+01,1.509505e+01,1.450002e+01,1.845006e+01,1.131541e+01,1.173146e+01,1.329408e+01,1.806580e+01,1.772870e+01,8.080910e+00,1.000816e+01,1.348137e+01,1.782971e+01,1.770170e+01,1.458477e+01,1.773834e+01,2.409108e+01,1.515272e+01,1.661052e+01,1.748738e+01,8.485244e+00,1.579017e+01,1.441320e+01,2.419930e+01,1.032758e+01,1.230771e+01,1.597264e+01,1.324919e+01,1.037356e+01,8.568550e+00,1.188346e+01,1.966502e+01,2.751518e+01,1.680204e+01,2.429893e+01,2.081366e+01,2.503383e+01,2.659668e+01,2.951817e+01,2.695906e+01,1.513967e+01,1.494680e+01,1.088864e+01,1.814359e+01,2.223075e+01,1.824657e+01,1.512613e+01,1.850905e+01,1.650744e+01,1.939115e+01,1.259838e+01,1.427384e+01,2.591468e+01,1.286834e+01,1.801924e+01,1.663252e+01,9.171225e+00,1.765677e+01,2.018232e+01,1.264523e+01,2.334101e+01,2.319425e+01,1.298086e+01,1.642926e+01,2.186149e+01,2.184201e+01,1.952717e+01,1.556513e+01,8.600787e+00,7.875107e+00,1.507723e+01,1.313839e+01,6.246173e+00,2.164592e+01,9.783917e+00,1.620303e+01,1.013952e+01,1.242238e+01,1.988763e+01,1.475638e+01,1.641560e+01,1.505154e+01,2.008868e+01,2.354267e+01,1.335875e+01,2.050727e+01,5.639617e+00,2.126466e+01,1.881787e+01,9.211112e+00,1.866438e+01,1.958690e+01,2.274252e+01,1.380918e+01,1.173361e+01,2.104309e+01,2.120337e+01,1.434226e+01,1.652745e+01,1.649780e+01,1.517360e+01,1.122527e+01,2.147330e+01,1.287504e+01,1.625199e+01,1.802007e+01,1.835181e+01,1.736001e+01,2.047048e+01,1.440390e+01,1.222028e+01,2.043972e+01,2.203139e+01,2.886109e+01,2.225660e+01,2.025986e+01,7.393417e+00,2.536701e+01,1.672016e+01,1.415653e+01,1.788941e+01,1.779681e+01,1.153905e+01,1.530173e+01,2.012896e+01,1.453691e+01,1.621136e+01,2.278179e+01,1.234661e+01,1.578383e+01,1.006727e+01,1.996108e+01,1.747206e+01,2.007034e+01,1.682055e+01,2.203687e+01,2.278948e+01,2.250323e+01,1.485152e+01,1.055200e+01,2.095176e+01,2.555644e+01,1.706210e+01,3.061509e+01,1.086491e+01,1.682519e+01,2.125858e+01,1.400902e+01,1.409745e+01,1.408532e+01,2.005498e+01,1.923456e+01,1.333653e+01,9.753550e+00,1.185803e+01,1.983604e+01,8.941761e+00,1.937415e+01,2.640557e+01,1.283634e+01,1.777157e+01,1.891628e+01,

Regression parameters
Slope (bjmp):8.523465e-09
Intercept (ajmp):1.116326e+01

