
Start time (time):1456784390258303905

Carving statistics:

carv-start-time,carv-file-no,carv-start-blk,carv-stop-time,carv-stop-blk,file-len-in-blocks,total-carved-blks,total-blks-processed
---------------------------------------------------------------------------------------------------------------------------------
Calculating time of sequentially reading 100000 512-byte blocks and checking each block for JPEG signature.
Nblocks, Start time, Finish time (in process timer ticks):
-------------------------------------------------

Calcluating regression for the linear test...
---
x[]:
1.000000e+00,1.000010e+05,2.000010e+05,3.000010e+05,4.000010e+05,5.000010e+05,6.000010e+05,7.000010e+05,8.000010e+05,9.000010e+05,
y[]:
4.040000e-04,5.492019e+02,5.433136e+02,5.505423e+02,5.505146e+02,5.405684e+02,5.641305e+02,5.827772e+02,6.063347e+02,6.176058e+02,

Regression parameters
Slope (blin):3.749403e-04
Intercept (alin):3.417754e+02


Calculating time of 1000 random block accesses. For each block a LIBLINEAR test for JPEG data is included into the timing.
Distance jumped (+/-), start time, finish time (in process timer ticks):
--------------------------------------------------

Calcluating regression for the jump test...
---
x[]:
5.991430e+05,7.952500e+04,-4.565370e+05,2.854290e+05,-4.790440e+05,3.191090e+05,-1.997870e+05,-1.181880e+05,3.846410e+05,-3.392850e+05,2.633380e+05,-3.125650e+05,5.669930e+05,1.077100e+05,-1.039590e+05,-5.509070e+05,3.179940e+05,2.684700e+05,-3.492270e+05,4.473990e+05,-6.728560e+05,3.089930e+05,8.490600e+04,-1.572700e+05,-1.335330e+05,2.583560e+05,4.510000e+03,-3.582410e+05,3.685180e+05,-1.122730e+05,-2.428810e+05,-2.696600e+04,4.851400e+04,1.193210e+05,3.397250e+05,-5.117920e+05,5.196930e+05,1.399380e+05,-6.299800e+05,4.332000e+03,7.006540e+05,-4.479040e+05,-3.082330e+05,3.676470e+05,-3.401950e+05,5.690720e+05,-2.645230e+05,-2.220000e+04,1.880200e+04,2.862510e+05,-4.748020e+05,1.646850e+05,-3.047570e+05,5.913680e+05,-7.384700e+04,-3.570290e+05,-1.315390e+05,1.192500e+04,1.034690e+05,3.182410e+05,-1.003480e+05,-2.206740e+05,3.725370e+05,-1.330960e+05,-2.009000e+04,-2.690010e+05,3.363750e+05,-4.003990e+05,7.709380e+05,-3.748670e+05,-3.960670e+05,5.715910e+05,7.723000e+04,-6.230370e+05,-4.202600e+04,7.182980e+05,-1.352270e+05,-2.252860e+05,-2.039040e+05,7.023140e+05,-8.390360e+05,3.025580e+05,-3.300200e+04,-2.437920e+05,8.126630e+05,-2.558700e+04,-6.820830e+05,-1.376150e+05,-1.366200e+04,3.213880e+05,9.936300e+04,-1.140100e+05,1.007140e+05,-4.281010e+05,7.341570e+05,8.062400e+04,-6.971020e+05,8.926900e+04,5.802260e+05,7.383600e+04,-2.855980e+05,2.654220e+05,-2.545740e+05,-2.083690e+05,4.611240e+05,-2.966000e+05,-3.088090e+05,3.258960e+05,-5.218860e+05,3.060260e+05,2.094710e+05,-4.609200e+05,6.085830e+05,1.764690e+05,-7.859740e+05,5.212450e+05,1.508820e+05,-5.680560e+05,3.836300e+05,1.372200e+05,-2.466680e+05,-3.357460e+05,2.321000e+04,-1.459530e+05,5.489200e+04,7.573670e+05,1.593200e+04,-6.422100e+05,-1.346270e+05,6.774210e+05,-5.683740e+05,4.797760e+05,-3.842100e+04,7.705300e+04,-5.473320e+05,3.414410e+05,-2.195470e+05,4.386000e+04,-1.514020e+05,1.585690e+05,3.498860e+05,-2.319400e+04,-3.023510e+05,1.397300e+05,7.201400e+04,-1.070630e+05,-3.202870e+05,3.041570e+05,1.436200e+05,1.446050e+05,-5.398850e+05,-2.178600e+04,6.275980e+05,-5.166760e+05,-8.647700e+04,6.824900e+05,-6.593100e+05,-1.518070e+05,4.028000e+04,1.060650e+05,6.068750e+05,-5.280940e+05,5.858410e+05,-4.128090e+05,-4.510410e+05,1.197710e+05,-7.136800e+04,1.481520e+05,2.448930e+05,-3.040330e+05,3.879830e+05,-3.052220e+05,5.727750e+05,4.369000e+03,-1.654920e+05,-2.552120e+05,-1.026940e+05,4.142220e+05,1.302070e+05,4.092600e+04,-3.411730e+05,-4.096790e+05,1.914000e+04,2.051630e+05,-2.635300e+04,1.392400e+04,-1.234800e+04,1.330760e+05,-5.662000e+04,2.793100e+04,2.391410e+05,-4.310080e+05,3.998390e+05,6.242000e+03,-2.507700e+04,-5.120300e+04,1.260140e+05,-9.644600e+04,1.782110e+05,-6.103560e+05,4.995230e+05,-3.338080e+05,-1.557700e+04,2.535590e+05,-3.294390e+05,6.376700e+05,-8.203920e+05,4.678680e+05,1.518920e+05,1.285530e+05,-3.099440e+05,-2.705440e+05,6.188760e+05,-2.908050e+05,1.588100e+04,-3.074780e+05,5.418590e+05,8.479400e+04,-1.744020e+05,-4.147620e+05,3.146300e+04,6.474000e+04,5.423000e+04,4.313020e+05,-7.477570e+05,-5.210900e+04,4.613620e+05,1.969950e+05,-6.729200e+04,-3.416910e+05,5.679020e+05,-4.677700e+05,2.245030e+05,-3.476770e+05,-2.954730e+05,7.950650e+05,-6.100070e+05,6.841360e+05,-5.370680e+05,5.231470e+05,-1.685740e+05,1.342510e+05,-6.473980e+05,4.503020e+05,-2.378160e+05,3.497460e+05,6.156200e+04,-5.146960e+05,3.532780e+05,-1.128390e+05,-2.945800e+04,3.847410e+05,-8.668380e+05,2.477300e+04,8.160430e+05,-7.958570e+05,-2.733600e+04,3.774040e+05,3.824020e+05,-9.462900e+04,-4.554900e+04,5.030300e+04,-5.623990e+05,1.789540e+05,-2.973730e+05,1.233900e+05,7.401900e+04,-7.380000e+03,-1.737370e+05,5.182140e+05,-3.842340e+05,5.576910e+05,-3.287990e+05,-1.316310e+05,1.079920e+05,4.146480e+05,-6.818860e+05,8.829300e+04,-1.000480e+05,5.713920e+05,5.671600e+04,-1.295060e+05,5.613200e+04,8.617000e+03,-1.047330e+05,-2.782600e+04,1.940230e+05,-1.320680e+05,2.683150e+05,-3.235760e+05,-2.266970e+05,3.040290e+05,-2.732730e+05,1.109050e+05,-4.170190e+05,3.293550e+05,1.530330e+05,-2.617380e+05,3.219750e+05,-1.019650e+05,2.564750e+05,-6.225900e+04,-3.630130e+05,-7.232400e+04,-1.938900e+05,5.637180e+05,-5.576760e+05,2.422400e+04,7.332730e+05,-6.577240e+05,5.143540e+05,-1.100120e+05,1.940330e+05,-4.107770e+05,-2.013300e+04,8.039000e+03,5.426600e+05,-8.073730e+05,-4.276800e+04,8.109750e+05,-2.309480e+05,-2.694650e+05,2.150030e+05,3.145180e+05,-1.585600e+05,-1.207530e+05,-2.561290e+05,-8.678800e+04,5.175090e+05,6.584600e+04,-1.074910e+05,-1.260160e+05,3.586000e+03,-5.517660e+05,7.829230e+05,-1.903040e+05,1.195200e+04,1.439850e+05,-1.660800e+05,-7.351300e+04,-5.137400e+05,3.482740e+05,-2.647870e+05,5.802950e+05,1.875900e+04,-2.849200e+05,-3.116680e+05,5.614190e+05,-2.735540e+05,-3.544360e+05,4.723930e+05,-5.045020e+05,2.761000e+05,-2.126040e+05,7.912790e+05,-8.637230e+05,6.479050e+05,-3.648510e+05,-5.051000e+04,1.841510e+05,-2.177420e+05,-1.580020e+05,5.813500e+04,6.045830e+05,-6.285060e+05,7.597970e+05,-4.044600e+05,2.834460e+05,3.781000e+03,-6.518020e+05,2.099330e+05,3.900430e+05,-2.222660e+05,-5.485400e+04,7.033600e+04,-2.847690e+05,5.602270e+05,-2.413320e+05,2.766500e+05,-5.320660e+05,3.042330e+05,-1.509580e+05,-2.178290e+05,5.803330e+05,-2.823000e+05,-3.265510e+05,6.166110e+05,-6.156580e+05,2.898620e+05,-3.339010e+05,4.684950e+05,-9.143000e+03,-4.919030e+05,5.266300e+05,-2.232990e+05,-2.204080e+05,3.864260e+05,1.909800e+05,6.303900e+04,-4.285320e+05,4.391790e+05,-7.082920e+05,4.277300e+04,1.356510e+05,1.368550e+05,1.131090e+05,-6.785600e+04,-2.029190e+05,-1.282230e+05,2.087940e+05,8.375400e+04,1.760100e+05,5.783600e+04,-5.281200e+04,-1.436590e+05,-2.244630e+05,4.393750e+05,-3.457860e+05,-2.138300e+04,-8.950200e+04,1.390520e+05,4.471120e+05,-9.864500e+04,-2.715880e+05,7.374100e+04,-3.219440e+05,3.267420e+05,-3.585720e+05,6.877750e+05,-4.289580e+05,3.163500e+04,2.269530e+05,-2.372480e+05,7.440700e+04,-4.561350e+05,7.996080e+05,-7.124850e+05,3.760100e+05,-3.845730e+05,5.929200e+04,5.848040e+05,-3.008190e+05,3.165640e+05,-2.573600e+05,-4.348940e+05,2.541680e+05,3.369150e+05,8.574400e+04,-1.728810e+05,-5.844690e+05,-3.758000e+03,4.743300e+04,7.626450e+05,-1.024030e+05,-2.241560e+05,-6.361500e+04,3.943920e+05,-7.161520e+05,3.965510e+05,1.821660e+05,-2.451090e+05,-3.905520e+05,4.091190e+05,3.363810e+05,-2.348830e+05,-4.701600e+04,2.359890e+05,-1.286290e+05,-5.710070e+05,7.514160e+05,1.192500e+04,-6.746500e+04,-3.681420e+05,2.472280e+05,-2.435640e+05,9.696600e+04,-4.798680e+05,9.335100e+04,1.827100e+05,3.285140e+05,-4.911170e+05,1.789510e+05,3.759470e+05,1.902660e+05,-8.234530e+05,1.517920e+05,2.079120e+05,4.709400e+05,-6.456220e+05,-2.142760e+05,6.531070e+05,-7.199300e+04,2.951730e+05,-6.565140e+05,2.643890e+05,-2.097200e+04,1.964700e+05,-3.996230e+05,-6.833900e+04,4.442020e+05,-5.482080e+05,-5.641400e+04,4.580000e+05,-1.635000e+04,1.908140e+05,1.331740e+05,8.061600e+04,-2.077920e+05,-6.734750e+05,1.820630e+05,1.207220e+05,-2.645910e+05,4.422770e+05,-4.845940e+05,8.256750e+05,-2.999140e+05,-4.140640e+05,2.148480e+05,8.976500e+04,-7.842400e+04,-8.069000e+04,-1.571290e+05,7.495840e+05,-6.042550e+05,8.635700e+04,3.271000e+04,3.560360e+05,-6.984360e+05,5.330880e+05,2.876970e+05,-1.729710e+05,-1.512100e+04,1.500210e+05,-5.337100e+05,-3.147000e+04,2.595730e+05,-3.192750e+05,-3.211600e+04,5.178100e+04,-9.274900e+04,2.312100e+05,1.725030e+05,-4.386030e+05,6.734870e+05,-3.120910e+05,-4.316670e+05,2.923110e+05,2.551080e+05,-2.980810e+05,4.633380e+05,9.542200e+04,-2.975080e+05,3.062080e+05,-5.499500e+04,-8.302400e+04,-5.074360e+05,-2.228400e+04,2.730110e+05,-2.246080e+05,5.108030e+05,-4.205550e+05,5.024220e+05,-3.230560e+05,-2.705350e+05,-3.128800e+04,4.642130e+05,7.030000e+04,-4.318250e+05,4.320970e+05,1.220820e+05,-5.245740e+05,-1.554330e+05,2.945850e+05,-6.317600e+04,4.367920e+05,6.375600e+04,-5.761040e+05,-8.963600e+04,2.376010e+05,1.070780e+05,-5.262990e+05,3.330230e+05,-2.716920e+05,6.799110e+05,-6.219740e+05,5.452850e+05,-6.462640e+05,2.557430e+05,-8.170500e+04,-5.213300e+04,-5.219200e+04,3.977400e+05,-4.497120e+05,5.247530e+05,4.594400e+04,-4.810010e+05,8.896500e+04,1.162440e+05,6.843800e+04,-3.789400e+05,2.383260e+05,3.626030e+05,-5.343720e+05,6.141720e+05,-6.005740e+05,-9.758000e+04,5.966660e+05,-2.766770e+05,-1.872160e+05,1.552800e+04,6.491410e+05,-7.135150e+05,3.485500e+05,-4.412900e+05,8.663970e+05,-2.734230e+05,2.273300e+04,2.201320e+05,-8.364190e+05,8.410290e+05,-7.320010e+05,-6.987300e+04,3.387690e+05,-2.817130e+05,5.361420e+05,-5.965500e+05,2.185500e+05,5.438440e+05,-3.990440e+05,2.057260e+05,2.461670e+05,-1.607180e+05,-3.316730e+05,-2.882050e+05,3.721920e+05,-3.224600e+04,-3.045230e+05,-1.240400e+04,6.723400e+05,-4.917390e+05,-7.813900e+04,4.214800e+05,-2.239910e+05,2.704120e+05,-1.010730e+05,-2.575950e+05,7.825100e+04,-7.834000e+04,-3.746300e+04,6.057100e+04,-5.604900e+04,4.927400e+04,7.196100e+04,2.014570e+05,-1.511760e+05,-3.731610e+05,5.861700e+05,6.737400e+04,-7.293170e+05,1.058630e+05,2.731000e+05,4.981130e+05,-1.361170e+05,2.268900e+04,-7.713550e+05,2.360760e+05,-9.558000e+03,-9.461500e+04,1.424100e+05,-2.372190e+05,3.136470e+05,1.455330e+05,1.842610e+05,8.394000e+03,-4.840560e+05,1.644510e+05,-2.492020e+05,4.129340e+05,1.673730e+05,-3.679260e+05,-3.452340e+05,3.006100e+04,6.626110e+05,-3.545350e+05,2.315180e+05,-3.073040e+05,9.104300e+04,-8.231300e+04,-2.399300e+05,3.429890e+05,2.355100e+04,3.316900e+04,-1.401610e+05,-1.125660e+05,5.585800e+04,6.974700e+04,1.235100e+05,4.630100e+04,-1.061300e+05,3.471810e+05,-2.721800e+05,2.887790e+05,-4.885480e+05,-6.657000e+03,2.159110e+05,8.658000e+03,1.577940e+05,-3.329100e+04,-4.784080e+05,2.439040e+05,-3.199550e+05,-4.903000e+03,3.552280e+05,3.426560e+05,-3.594390e+05,-3.132550e+05,-4.591000e+04,7.128670e+05,-3.955670e+05,5.328990e+05,-7.441460e+05,5.279840e+05,-2.526710e+05,-6.556800e+04,4.966800e+05,-2.780740e+05,8.544100e+04,-3.610730e+05,-2.317740e+05,-2.068900e+04,6.737000e+04,3.960470e+05,2.680900e+05,-4.211780e+05,3.893900e+05,-4.160000e+05,4.062200e+05,-3.528180e+05,4.507110e+05,9.073000e+03,-1.089130e+05,4.949300e+04,8.543200e+04,-6.536860e+05,3.108870e+05,-2.740070e+05,-6.694000e+04,3.462400e+05,3.575970e+05,-4.625070e+05,6.040000e+04,-3.865490e+05,6.547700e+04,6.264680e+05,-3.708540e+05,4.808950e+05,-5.516080e+05,-2.854130e+05,2.010840e+05,1.166190e+05,-3.061020e+05,2.684540e+05,4.314050e+05,-3.801300e+04,-1.527230e+05,2.055000e+03,-5.352740e+05,2.534960e+05,5.492390e+05,-8.456400e+04,-5.561700e+05,4.403260e+05,-3.507100e+04,-5.520000e+05,6.866410e+05,-5.429220e+05,-7.269000e+03,6.197010e+05,-1.966820e+05,-4.684110e+05,1.571950e+05,-2.175450e+05,4.504200e+04,2.226710e+05,4.901850e+05,-4.070740e+05,-1.151730e+05,-6.142200e+04,2.075130e+05,8.591100e+04,-2.606500e+04,-9.858900e+04,3.543660e+05,-4.134000e+05,-1.366020e+05,1.203810e+05,4.886570e+05,-6.718770e+05,4.551390e+05,1.378950e+05,1.435600e+05,-1.822930e+05,-3.217800e+05,1.897520e+05,1.657070e+05,-5.351400e+05,4.655690e+05,1.584380e+05,-8.154400e+05,3.501490e+05,-3.099730e+05,2.417560e+05,1.326040e+05,-3.461930e+05,5.456900e+05,-3.584750e+05,2.279960e+05,-4.694840e+05,3.988420e+05,4.355090e+05,-3.835720e+05,3.727770e+05,-4.818200e+05,-2.920600e+04,-4.062300e+04,2.003180e+05,1.724360e+05,-4.519670e+05,4.284420e+05,-3.536880e+05,5.859290e+05,-3.279980e+05,-4.547200e+05,2.641490e+05,-2.195080e+05,6.922500e+05,-3.522530e+05,3.273230e+05,-1.305750e+05,-1.864290e+05,-3.037920e+05,5.407150e+05,-2.593500e+04,-1.711880e+05,2.757850e+05,-3.802470e+05,2.890760e+05,-3.962200e+05,5.027100e+04,-1.308210e+05,3.928900e+04,5.666990e+05,-6.580450e+05,3.762080e+05,-3.625080e+05,2.013330e+05,-2.422130e+05,6.286670e+05,-1.693710e+05,1.049670e+05,-5.437610e+05,3.352960e+05,-1.417690e+05,-9.848000e+04,5.994460e+05,-3.612780e+05,-3.874930e+05,2.471930e+05,-3.395500e+04,4.631950e+05,-2.049800e+04,-2.564850e+05,2.264700e+04,3.483000e+04,-5.089360e+05,2.984320e+05,-3.454170e+05,7.614030e+05,-9.778700e+04,-3.764090e+05,-1.881570e+05,7.602410e+05,-6.284490e+05,-2.746300e+04,3.177100e+05,-1.722180e+05,2.551330e+05,-5.765000e+03,-3.622910e+05,4.500000e+03,9.920200e+04,7.521100e+04,3.397960e+05,-4.256700e+04,-2.326900e+04,-4.202100e+04,-4.038450e+05,4.892390e+05,-6.948280e+05,4.622000e+05,1.336950e+05,1.846750e+05,-6.942860e+05,7.508100e+04,3.007660e+05,-3.032210e+05,3.735130e+05,-1.259120e+05,-3.605580e+05,2.757260e+05,3.976800e+05,-6.299760e+05,1.359650e+05,-2.307680e+05,3.238230e+05,4.536760e+05,-4.029870e+05,-4.023070e+05,4.479110e+05,1.347240e+05,-3.165460e+05,5.471130e+05,-6.900660e+05,2.325100e+04,4.232830e+05,1.866670e+05,-1.877100e+04,1.007000e+05,-2.240950e+05,1.864020e+05,-3.371010e+05,-1.716610e+05,4.523390e+05,-2.126490e+05,-1.531800e+04,-2.281580e+05,3.841310e+05,-4.605440e+05,4.646690e+05,2.357300e+04,-1.848170e+05,4.361000e+04,2.123350e+05,3.241000e+04,-2.684200e+05,-2.825800e+05,4.048230e+05,-5.901450e+05,2.151140e+05,-4.726700e+04,3.633180e+05,-1.014310e+05,-3.188940e+05,5.732540e+05,-1.594430e+05,1.856510e+05,-2.213420e+05,-9.695200e+04,2.050890e+05,-4.454370e+05,1.707130e+05,-2.132750e+05,3.641650e+05,-3.582110e+05,4.740770e+05,-5.511540e+05,3.136320e+05,-4.179300e+04,-1.116960e+05,-4.043800e+04,-1.822000e+04,5.222250e+05,3.172000e+03,-7.058860e+05,5.546350e+05,-1.839860e+05,-8.846500e+04,-2.180400e+04,1.258690e+05,1.266500e+05,1.219000e+04,-4.108130e+05,-5.604400e+04,5.932980e+05,1.624400e+05,-1.342250e+05,-2.023140e+05,2.236000e+04,-2.311770e+05,-7.848600e+04,5.581850e+05,-1.417260e+05,-2.104990e+05,-5.891200e+04,4.000630e+05,-6.364220e+05,2.899340e+05,-1.050430e+05,2.217850e+05,9.697600e+04,
y[]:
1.736482e+01,6.115199e+00,7.255041e+00,8.721733e+00,9.044056e+00,9.137299e+00,5.872911e+00,6.042706e+00,2.872640e-01,7.038816e+00,8.084643e+00,9.010324e+00,1.147944e+01,7.190936e+00,8.709854e+00,2.236572e+00,1.028725e+01,5.513735e+00,8.953725e+00,6.155843e+00,3.594403e+00,4.017657e+00,3.363236e+00,5.474878e+00,6.553182e+00,3.106620e-01,3.301320e-01,6.039809e+00,7.115537e+00,4.159716e+00,5.475095e+00,6.047941e+00,5.150338e+00,6.681146e+00,6.673341e+00,4.511706e+00,8.722621e+00,1.102953e+01,1.067882e+01,2.337680e+00,7.456297e+00,4.456140e+00,1.512300e-02,1.193272e+01,3.114268e+00,1.370794e+01,6.238816e+00,5.328046e+00,4.683022e+00,8.002978e+00,5.964612e+00,8.934447e+00,1.324000e-01,4.648297e+00,1.081234e+01,6.179989e+00,7.183815e+00,1.005207e+01,4.152464e+00,4.578679e+00,5.770681e+00,1.108884e+01,1.087897e+01,8.688468e+00,6.051038e+00,6.480385e+00,1.366935e+01,3.218240e-01,8.140891e+00,6.379454e+00,2.487000e-03,7.790499e+00,4.230591e+00,7.972657e+00,7.786464e+00,6.238596e+00,2.623728e+00,5.327545e+00,2.435072e+00,4.965103e+00,2.963330e-01,5.209812e+00,1.029073e+01,9.433619e+00,5.714437e+00,4.220237e+00,8.426758e+00,5.274194e+00,5.911118e+00,1.102908e+01,6.040006e+00,6.040940e+00,3.915308e+00,8.012149e+00,9.196870e+00,3.238879e+00,3.412349e+00,7.993890e+00,6.482310e+00,3.732187e+00,4.596625e+00,7.286918e+00,7.868609e+00,8.185360e+00,9.105759e+00,7.656611e+00,3.265074e+00,9.661877e+00,6.189712e+00,2.421410e-01,6.574621e+00,7.350786e+00,5.436499e+00,5.024901e+00,2.663862e+00,4.271018e+00,9.950853e+00,8.864662e+00,5.527118e+00,7.498667e+00,7.626498e+00,8.595659e+00,2.155902e+00,1.021602e+01,4.203880e-01,1.025745e+01,4.619074e+00,9.007305e+00,9.606758e+00,9.897133e+00,9.714230e+00,9.235298e+00,2.886225e+00,4.670219e+00,5.577536e+00,5.682071e+00,4.885012e+00,4.612456e+00,6.446089e+00,8.352898e+00,4.465756e+00,3.671930e+00,3.989382e+00,2.985913e+00,6.484263e+00,2.182188e+00,7.992689e+00,4.895770e-01,2.879872e+00,6.681835e+00,3.283526e+00,4.477420e-01,8.554944e+00,6.791320e+00,3.885872e+00,9.756195e+00,8.925586e+00,9.145647e+00,2.198507e+00,7.518151e+00,6.092422e+00,5.833891e+00,9.740443e+00,1.011895e+01,1.949888e+00,2.761960e-01,3.381507e+00,7.725103e+00,4.467959e+00,3.146627e+00,4.954508e+00,7.841427e+00,6.817421e+00,2.889516e+00,7.665985e+00,7.153459e+00,4.189356e+00,8.441121e+00,8.553842e+00,7.120790e+00,7.363304e+00,8.598579e+00,9.125452e+00,9.235652e+00,5.281903e+00,9.092935e+00,5.136753e+00,9.102752e+00,9.178931e+00,1.770143e+00,4.603028e+00,3.036555e+00,6.812315e+00,3.056444e+00,3.995772e+00,7.993050e+00,2.241984e+00,9.639198e+00,7.622692e+00,6.783257e+00,3.537327e+00,4.896260e-01,2.631882e+00,4.536142e+00,5.909738e+00,4.435356e+00,2.717494e+00,7.598259e+00,8.346335e+00,2.083367e+00,4.641358e+00,4.626955e+00,4.408703e+00,2.955900e+00,9.169594e+00,1.033482e+01,4.138880e+00,2.083519e+00,3.992921e+00,4.157536e+00,8.954775e+00,9.126014e+00,6.817342e+00,9.866193e+00,4.060842e+00,4.770893e+00,9.370008e+00,6.491987e+00,7.411677e+00,7.834131e+00,3.023990e+00,7.609220e+00,5.074230e+00,3.141943e+00,4.969533e+00,5.860997e+00,5.105679e+00,9.245449e+00,5.472614e+00,7.848942e+00,3.000786e+00,1.016558e+01,6.114195e+00,1.092610e+01,8.133023e+00,9.632066e+00,9.427043e+00,7.488745e+00,1.031224e+01,6.078222e+00,8.036708e+00,4.022121e+00,6.625106e+00,9.326518e+00,3.209465e+00,9.931987e+00,5.113005e+00,7.474062e+00,9.705692e+00,9.314040e+00,3.659092e+00,9.303755e+00,7.186314e+00,6.472192e+00,6.987418e+00,7.959240e+00,7.892826e+00,9.739185e+00,4.745478e+00,6.018135e+00,6.902867e+00,8.093962e+00,7.163005e+00,1.033401e+01,5.139725e+00,5.953568e+00,7.598950e+00,4.282551e+00,2.986944e+00,3.068076e+00,4.667852e+00,2.519621e+00,2.441418e+00,5.204388e+00,9.313734e+00,7.007923e+00,9.382003e+00,6.749488e+00,3.763722e+00,8.605257e+00,8.646764e+00,3.693014e+00,2.586790e+00,5.809301e+00,8.026122e+00,2.518999e+00,9.650157e+00,5.907396e+00,8.154722e+00,7.825159e+00,1.035422e+01,4.466674e+00,8.395711e+00,9.538974e+00,7.195911e+00,5.928982e+00,4.138150e+00,6.051041e+00,2.446710e+00,4.630145e+00,2.999842e+00,4.361481e+00,5.138840e+00,4.867545e+00,5.937654e+00,9.704772e+00,8.404737e+00,9.156890e+00,3.228570e+00,3.611241e+00,5.657268e+00,4.914750e-01,6.073341e+00,2.198886e+00,4.946695e+00,8.352759e+00,9.850014e+00,6.624832e+00,9.084038e+00,3.572089e+00,9.167237e+00,1.913845e+00,6.986859e+00,1.327700e-02,3.445476e+00,5.609004e+00,2.852759e+00,4.308910e+00,5.398502e+00,3.763675e+00,2.548908e+00,9.438258e+00,7.380058e+00,3.392361e+00,9.304352e+00,6.665972e+00,7.949331e+00,2.119782e+00,4.799681e+00,9.059049e+00,1.032126e+01,6.918407e+00,2.507928e+00,1.014380e+01,3.459385e+00,3.074390e+00,4.861338e+00,4.356699e+00,2.165831e+00,7.808096e+00,3.762685e+00,6.750029e+00,5.249329e+00,2.978356e+00,8.809184e+00,6.439039e+00,9.110674e+00,5.241665e+00,8.890189e+00,5.106149e+00,4.377261e+00,8.553989e+00,7.743727e+00,6.997702e+00,7.337164e+00,7.209769e+00,3.226923e+00,1.078676e+01,6.378456e+00,7.680851e+00,1.074841e+01,6.392643e+00,7.746367e+00,2.330021e+00,6.714437e+00,7.694677e+00,4.095725e+00,7.890116e+00,3.059016e+00,4.159069e+00,1.132107e+01,7.660346e+00,4.602976e+00,1.023765e+01,1.008026e+01,1.010034e+01,5.041604e+00,7.716243e+00,6.920471e+00,8.773557e+00,5.634936e+00,7.060190e+00,4.606601e+00,2.706171e+00,1.035679e+01,6.110049e+00,3.047392e+00,6.537366e+00,3.269314e+00,9.920020e+00,8.323749e+00,3.065446e+00,8.825492e+00,6.145481e+00,6.507020e+00,3.501450e+00,9.402119e+00,5.231274e+00,8.408047e+00,9.375445e+00,9.780346e+00,5.701874e+00,8.215006e+00,5.967962e+00,5.820337e+00,6.116680e+00,5.799384e+00,5.911779e+00,6.986857e+00,3.389839e+00,9.571949e+00,4.891640e-01,6.808337e+00,7.825441e+00,1.889029e+00,6.977343e+00,8.118265e+00,4.774087e+00,7.923160e+00,9.604958e+00,6.628735e+00,8.350567e+00,4.601636e+00,5.870841e+00,5.994079e+00,6.791360e+00,2.683980e+00,4.238180e-01,1.426900e-02,3.718327e+00,8.272307e+00,8.135967e+00,8.757018e+00,6.491605e+00,4.593805e+00,1.360200e-02,7.810449e+00,2.627195e+00,3.803537e+00,9.693855e+00,5.681059e+00,1.229800e-02,3.716078e+00,9.025965e+00,4.473247e+00,2.387646e+00,3.458629e+00,6.001765e+00,1.029200e-02,9.091781e+00,3.926277e+00,5.486988e+00,9.762236e+00,6.214094e+00,9.783903e+00,4.322821e+00,2.284200e+00,9.345315e+00,3.716335e+00,6.079381e+00,4.299848e+00,8.842971e+00,6.153271e+00,1.027127e+01,6.345918e+00,7.522792e+00,6.346877e+00,3.820645e+00,1.881461e+00,9.918123e+00,4.186603e+00,2.024175e+00,3.156268e+00,3.720227e+00,1.064712e+01,9.915389e+00,8.096429e+00,7.243657e+00,8.014397e+00,2.185155e+00,9.393048e+00,9.716482e+00,3.289350e-01,5.606586e+00,9.180016e+00,4.593405e+00,8.974719e+00,4.086872e+00,5.509479e+00,6.982188e+00,3.025446e+00,7.934970e+00,6.742630e+00,7.052528e+00,1.038594e+01,8.553714e+00,4.905861e+00,4.261750e+00,7.934418e+00,6.476033e+00,2.753032e+00,2.965875e+00,3.013931e+00,9.411871e+00,6.551645e+00,5.328260e+00,8.037875e+00,8.799341e+00,5.026624e+00,2.091447e+00,7.279349e+00,7.355080e+00,1.439200e-02,2.748502e+00,4.232206e+00,4.065150e+00,8.561485e+00,1.686663e+00,1.338000e-02,3.547625e+00,8.154597e+00,9.276608e+00,4.618323e+00,8.709462e+00,7.558296e+00,8.134351e+00,6.985349e+00,3.222495e+00,8.447452e+00,1.037722e+01,3.023045e+00,5.137418e+00,8.698369e+00,3.268257e+00,2.777569e+00,7.834057e+00,2.626706e+00,5.576042e+00,6.307070e+00,1.003383e+01,3.062820e+00,4.728295e+00,9.043757e+00,2.943185e+00,3.739636e+00,6.515072e+00,6.807941e+00,4.500027e+00,4.880134e+00,5.273621e+00,9.695777e+00,2.833032e+00,6.268758e+00,6.213706e+00,6.550202e+00,7.204488e+00,5.790228e+00,8.205293e+00,6.855017e+00,5.765942e+00,8.333194e+00,9.343353e+00,9.358196e+00,6.866188e+00,5.843452e+00,8.685184e+00,6.234708e+00,3.876704e+00,9.169158e+00,4.771166e+00,4.496166e+00,7.528446e+00,6.076949e+00,8.968722e+00,5.301682e+00,4.904654e+00,7.306551e+00,8.256071e+00,8.688722e+00,5.014544e+00,4.191015e+00,1.124168e+01,9.910627e+00,6.258489e+00,2.984022e+00,5.713463e+00,3.054643e+00,8.186436e+00,4.039979e+00,9.708143e+00,3.519683e+00,1.937180e-01,4.569365e+00,3.127360e+00,1.341300e-02,9.924897e+00,1.061512e+01,1.101414e+01,7.652098e+00,5.253113e+00,6.125415e+00,1.101186e+01,4.034161e+00,3.651178e+00,5.420293e+00,4.452163e+00,8.830316e+00,7.057903e+00,3.248122e+00,4.805805e+00,9.521065e+00,6.716478e+00,6.575348e+00,5.168156e+00,1.024178e+01,5.239893e+00,6.000637e+00,5.040560e+00,7.928265e+00,8.172047e+00,7.946389e+00,3.333420e-01,8.002632e+00,9.881919e+00,5.338259e+00,9.403916e+00,8.321897e+00,1.564760e-01,6.297573e+00,7.920059e+00,2.983910e+00,9.842863e+00,1.926780e-01,7.276681e+00,5.254891e+00,1.048522e+01,3.127379e+00,2.980928e+00,1.099809e+01,6.234032e+00,8.959857e+00,6.725152e+00,9.869190e+00,1.045293e+01,7.897141e+00,9.434354e+00,8.561111e+00,9.520305e+00,9.169751e+00,9.192309e+00,7.854126e+00,3.127942e+00,1.094037e+01,4.372011e+00,9.160325e+00,1.068148e+01,9.852782e+00,3.973828e+00,9.077169e+00,2.963705e+00,9.372425e+00,7.055195e+00,6.134138e+00,6.160714e+00,8.727658e+00,5.977694e+00,8.352668e+00,4.913684e+00,5.574682e+00,2.526546e+00,9.219276e+00,6.951218e+00,3.795319e+00,5.519945e+00,3.883128e+00,4.669671e+00,9.169957e+00,5.917594e+00,5.648523e+00,9.207240e+00,2.851239e+00,5.134685e+00,3.668529e+00,4.211432e+00,9.505175e+00,4.133796e+00,5.941872e+00,9.163552e+00,4.043872e+00,3.047176e+00,4.636397e+00,3.292915e+00,5.211216e+00,8.488489e+00,3.805073e+00,9.404658e+00,7.177095e+00,4.734912e+00,8.496509e+00,6.728352e+00,3.626054e+00,9.907750e+00,9.798579e+00,4.810446e+00,3.451978e+00,2.986233e+00,7.643776e+00,5.691770e+00,8.264223e+00,9.882984e+00,3.758624e+00,5.634703e+00,3.592656e+00,3.392222e+00,3.870001e+00,7.624187e+00,7.698717e+00,3.291495e+00,2.301025e+00,6.628509e+00,3.926855e+00,4.928268e+00,9.076106e+00,9.774293e+00,5.841235e+00,4.765760e-01,3.360943e+00,9.889688e+00,2.059487e+00,9.304988e+00,7.278126e+00,7.934838e+00,3.560402e+00,4.120764e+00,5.878522e+00,3.543828e+00,3.114821e+00,1.332200e-02,8.574936e+00,3.324787e+00,6.436516e+00,9.777833e+00,7.233067e+00,3.866929e+00,4.472958e+00,8.891465e+00,1.020290e+01,3.236426e+00,5.326675e+00,3.896504e+00,6.727375e+00,3.060890e-01,7.879580e+00,6.178541e+00,6.640575e+00,6.704252e+00,1.928196e+00,2.261295e+00,9.932557e+00,5.246137e+00,8.107405e+00,1.028306e+01,1.267000e-02,2.908607e+00,9.831845e+00,2.314909e+00,1.378796e+00,6.841027e+00,7.060754e+00,8.220840e+00,5.219458e+00,5.225238e+00,3.820520e-01,5.713220e+00,7.976174e+00,7.090695e+00,1.876555e+00,7.053914e+00,4.646070e+00,1.016828e+01,7.296858e+00,2.239261e+00,9.445653e+00,6.148093e+00,9.781290e+00,7.708773e+00,6.154829e+00,9.995593e+00,1.001033e+01,3.039760e+00,7.347332e+00,1.030456e+01,6.798214e+00,6.202505e+00,2.690097e+00,9.672922e+00,8.892633e+00,7.027909e+00,8.259103e+00,9.598167e+00,3.732583e+00,7.154785e+00,2.376378e+00,8.977112e+00,2.184541e+00,3.726246e+00,3.786796e+00,4.173301e+00,7.078509e+00,3.877094e+00,3.276808e+00,4.195634e+00,3.774124e+00,8.354266e+00,4.596727e+00,8.140141e+00,9.435138e+00,4.626733e+00,5.507842e+00,9.303464e+00,7.800397e+00,9.564033e+00,8.933109e+00,9.648605e+00,9.100824e+00,4.390090e+00,3.334579e+00,6.842364e+00,4.920422e+00,2.819559e+00,5.558421e+00,2.420630e+00,5.404520e+00,8.229095e+00,9.783985e+00,3.749683e+00,9.639859e+00,7.869409e+00,6.818589e+00,4.741749e+00,3.275302e+00,1.004065e+01,3.770161e+00,3.225830e+00,4.266119e+00,4.792503e+00,2.392585e+00,8.497527e+00,5.106237e+00,6.272731e+00,7.697840e+00,3.862024e+00,4.668568e+00,6.977290e+00,3.895631e+00,8.161484e+00,1.028787e+01,7.321197e+00,3.593394e+00,4.634423e+00,1.139300e-02,3.615465e+00,2.382423e+00,4.129965e+00,1.122300e-02,3.547876e+00,6.072420e+00,7.129117e+00,9.394058e+00,2.967494e+00,9.771629e+00,4.163026e+00,8.901183e+00,9.194165e+00,4.404160e+00,2.455382e+00,5.230382e+00,2.192810e+00,5.306633e+00,6.541005e+00,4.304901e+00,3.622014e+00,4.742275e+00,4.761188e+00,7.028354e+00,7.018995e+00,4.188611e+00,1.032263e+01,7.110016e+00,1.377900e-02,4.183222e+00,2.897438e+00,4.643628e+00,1.595900e-02,4.710390e+00,7.683488e+00,9.040722e+00,2.289354e+00,8.145719e+00,6.760907e+00,2.459045e+00,8.345943e+00,6.314133e+00,2.350099e+00,5.844604e+00,3.964548e+00,7.254255e+00,9.019091e+00,4.420933e+00,2.847218e+00,6.693217e+00,9.976285e+00,4.734439e+00,9.068086e+00,9.505229e+00,3.258511e+00,4.792509e+00,4.534202e+00,6.088583e+00,6.130261e+00,3.128944e+00,4.140363e+00,3.399088e+00,3.385001e+00,7.448088e+00,5.550815e+00,6.245269e+00,3.416650e+00,8.026483e+00,3.874304e+00,3.273049e+00,7.070179e+00,5.158051e+00,6.867221e+00,1.006877e+01,8.274016e+00,6.415597e+00,2.814778e+00,7.218791e+00,4.500245e+00,8.040767e+00,5.967430e+00,9.892917e+00,7.064178e+00,3.516169e+00,9.006575e+00,5.611490e+00,4.802626e+00,7.632244e+00,6.767973e+00,4.426011e+00,4.756619e+00,1.216500e-02,2.137779e+00,8.347262e+00,8.908547e+00,7.219695e+00,6.743995e+00,2.558539e+00,3.395783e+00,5.339484e+00,1.140400e-02,4.748058e+00,4.475146e+00,1.014378e+01,7.747750e+00,2.720554e+00,3.576796e+00,7.416001e+00,9.268929e+00,8.723517e+00,6.155313e+00,1.199100e-02,8.753432e+00,2.743510e+00,7.086645e+00,1.056290e+01,2.042967e+00,3.995082e+00,5.332183e+00,

Regression parameters
Slope (bjmp):7.690347e-08
Intercept (ajmp):6.065186e+00

