
Start time (time):1456783742995814173

Carving statistics:

carv-start-time,carv-file-no,carv-start-blk,carv-stop-time,carv-stop-blk,file-len-in-blocks,total-carved-blks,total-blks-processed
---------------------------------------------------------------------------------------------------------------------------------
Calculating time of sequentially reading 100000 512-byte blocks and checking each block for JPEG signature.
Nblocks, Start time, Finish time (in process timer ticks):
-------------------------------------------------

Calcluating regression for the linear test...
---
x[]:
1.000000e+00,1.000010e+05,2.000010e+05,3.000010e+05,4.000010e+05,5.000010e+05,6.000010e+05,7.000010e+05,8.000010e+05,9.000010e+05,
y[]:
3.830000e-04,5.757692e+02,5.742765e+02,5.648194e+02,5.196053e+02,5.264119e+02,6.301942e+02,6.587322e+02,6.601373e+02,5.943153e+02,

Regression parameters
Slope (blin):3.978558e-04
Intercept (alin):3.513907e+02


Calculating time of 1000 random block accesses. For each block a LIBLINEAR test for JPEG data is included into the timing.
Distance jumped (+/-), start time, finish time (in process timer ticks):
--------------------------------------------------

Calcluating regression for the jump test...
---
x[]:
1.014440e+05,9.841800e+04,-7.777900e+04,1.269580e+05,4.331640e+05,1.380770e+05,-7.858950e+05,3.586800e+04,1.712740e+05,3.810560e+05,-2.789620e+05,3.830960e+05,2.970500e+04,-7.498180e+05,8.612770e+05,-4.368570e+05,5.833000e+03,3.101270e+05,-7.721100e+04,-2.301940e+05,9.041700e+04,-2.156720e+05,-1.604100e+05,-1.139190e+05,7.611950e+05,-7.018500e+05,6.720500e+05,-5.232070e+05,4.683810e+05,-5.245620e+05,1.495960e+05,4.764100e+05,-4.261440e+05,7.181700e+04,-3.778940e+05,8.828200e+04,2.098940e+05,-2.637890e+05,4.288800e+04,3.811680e+05,1.172670e+05,-1.548120e+05,-2.169980e+05,2.282330e+05,-4.628000e+03,-3.369850e+05,6.913780e+05,-8.175350e+05,-2.685700e+04,6.141660e+05,-2.289900e+05,1.448220e+05,-5.015070e+05,4.293400e+05,3.090200e+04,2.596880e+05,-2.725100e+05,-1.157860e+05,-2.635200e+05,1.146090e+05,2.596530e+05,-3.266100e+04,-3.902440e+05,8.147720e+05,-4.210700e+04,-6.868760e+05,-7.820900e+04,1.677870e+05,3.059800e+04,-3.532100e+04,5.489560e+05,6.660300e+04,-1.901340e+05,-4.867810e+05,2.948360e+05,-1.947620e+05,7.623500e+04,8.621300e+04,-1.935570e+05,4.937700e+04,-1.996220e+05,5.587160e+05,1.942000e+05,-7.823910e+05,8.805400e+04,3.063640e+05,3.772980e+05,-1.844560e+05,1.093160e+05,1.137790e+05,-6.984700e+04,-4.497700e+05,-1.450000e+02,5.211720e+05,-5.349990e+05,-4.225200e+04,-1.657040e+05,2.055310e+05,1.255360e+05,-1.351070e+05,2.514720e+05,-2.255090e+05,-6.850400e+04,6.133800e+04,1.064490e+05,2.263330e+05,-1.334240e+05,1.826830e+05,-5.874550e+05,5.730200e+05,-5.866780e+05,1.129240e+05,1.504720e+05,-3.924780e+05,2.305340e+05,3.197890e+05,-8.611500e+04,-2.921690e+05,5.407100e+04,1.044640e+05,-1.783910e+05,-1.577600e+04,5.546950e+05,-2.597980e+05,-3.133430e+05,-6.156600e+04,6.792140e+05,-5.603100e+05,2.252270e+05,-9.525100e+04,1.233230e+05,-4.233030e+05,5.792410e+05,1.360810e+05,-4.432270e+05,-2.143110e+05,3.624140e+05,3.233500e+05,-3.162800e+04,-1.437780e+05,-3.632000e+03,2.816950e+05,-1.121160e+05,-6.718980e+05,7.079550e+05,-7.003210e+05,4.666300e+05,-1.968980e+05,-1.737520e+05,6.019630e+05,-1.736960e+05,-3.521420e+05,5.861870e+05,-4.377410e+05,2.880610e+05,1.915820e+05,-4.993070e+05,1.485360e+05,-4.499890e+05,6.259200e+05,5.328500e+04,-2.454040e+05,1.213550e+05,-2.674750e+05,-2.806100e+04,4.968670e+05,-4.005240e+05,3.343540e+05,-7.978400e+04,-4.321520e+05,1.093130e+05,-8.341600e+04,-1.504570e+05,7.845900e+04,1.446870e+05,-3.425020e+05,2.781380e+05,-2.886840e+05,2.793390e+05,1.856480e+05,2.320180e+05,1.869040e+05,-1.664940e+05,-1.630580e+05,-2.508370e+05,1.215680e+05,1.097850e+05,6.859500e+04,-5.486350e+05,5.597970e+05,-2.054860e+05,3.233900e+05,-5.043470e+05,-8.413100e+04,5.591500e+04,2.863320e+05,-4.060040e+05,4.741310e+05,-2.793160e+05,4.142130e+05,1.232410e+05,-1.700030e+05,-5.692030e+05,7.915220e+05,-9.154400e+04,-4.245160e+05,4.490200e+05,-6.321450e+05,1.055400e+05,-9.038100e+04,3.722420e+05,3.375580e+05,-7.222160e+05,1.244870e+05,2.557610e+05,-1.543140e+05,3.273170e+05,-6.157170e+05,-4.457000e+03,5.974210e+05,-5.591900e+04,-1.286820e+05,2.081000e+04,3.397350e+05,-2.940750e+05,7.672600e+04,-2.739350e+05,1.999230e+05,-2.678830e+05,2.654880e+05,-2.858650e+05,-1.446420e+05,1.767470e+05,4.493300e+04,-2.531210e+05,3.941000e+03,5.204190e+05,-6.228400e+05,2.717960e+05,-2.740420e+05,1.055180e+05,6.440390e+05,-7.552240e+05,2.020420e+05,-1.314760e+05,4.005380e+05,1.289900e+05,1.145790e+05,-1.339170e+05,1.245340e+05,-1.880020e+05,-1.898360e+05,-8.541000e+04,-1.671910e+05,1.498990e+05,5.205160e+05,-9.204000e+03,-2.052980e+05,-9.830000e+04,-3.583490e+05,1.414530e+05,4.345730e+05,-4.217290e+05,2.369380e+05,-4.204940e+05,2.251500e+05,3.221420e+05,9.992400e+04,-4.789520e+05,5.939380e+05,-9.285600e+04,-3.734330e+05,3.379750e+05,-2.934100e+04,-9.012900e+04,1.252370e+05,-4.475420e+05,3.886100e+04,2.398160e+05,2.372800e+05,-7.366060e+05,5.181500e+04,1.287060e+05,7.798500e+04,-1.966390e+05,2.786050e+05,-2.202380e+05,6.128960e+05,-7.454320e+05,5.002010e+05,3.358090e+05,-6.039790e+05,3.477300e+04,-8.592000e+04,5.329610e+05,-3.857220e+05,5.796800e+04,3.636400e+04,-3.670600e+05,5.602800e+05,-2.697000e+05,4.400850e+05,-7.131540e+05,-1.298600e+04,4.107430e+05,1.779800e+05,1.122510e+05,-1.180610e+05,2.168410e+05,-5.479330e+05,2.004810e+05,-5.197650e+05,4.038820e+05,2.479250e+05,-4.417800e+05,2.072430e+05,-2.922090e+05,1.567210e+05,1.400000e+03,-1.376400e+05,6.569220e+05,-5.627920e+05,7.712100e+04,-2.083070e+05,2.512890e+05,-2.086570e+05,2.247110e+05,3.905180e+05,-2.535550e+05,-6.108700e+04,5.079700e+04,3.767460e+05,-6.022640e+05,2.376430e+05,3.637600e+05,-1.102590e+05,-4.843780e+05,4.760120e+05,-3.095820e+05,-1.862750e+05,-1.531840e+05,-1.091010e+05,1.939610e+05,2.506980e+05,2.200860e+05,-2.478190e+05,4.579410e+05,-1.533850e+05,-9.836000e+03,-4.406600e+05,5.277140e+05,-2.529150e+05,-1.034510e+05,-2.139040e+05,3.575170e+05,1.478380e+05,-4.225610e+05,-2.365110e+05,4.570940e+05,3.051470e+05,-2.975970e+05,-3.921100e+05,6.006310e+05,1.390000e+02,-7.320500e+04,6.439000e+04,-1.913820e+05,-5.575820e+05,5.404010e+05,-4.197020e+05,7.488200e+04,4.684790e+05,-5.288030e+05,1.875810e+05,-9.956200e+04,5.100220e+05,2.102400e+04,-5.416220e+05,2.753750e+05,1.118800e+04,-8.228100e+04,-1.564900e+04,-3.229900e+05,7.142690e+05,-2.295530e+05,1.157890e+05,-3.789400e+04,2.478880e+05,-1.207220e+05,-4.808010e+05,4.717720e+05,-4.183190e+05,2.709000e+04,2.536640e+05,-4.181800e+05,-1.273770e+05,3.993170e+05,2.904380e+05,-7.662210e+05,1.209790e+05,6.894760e+05,-6.100780e+05,5.894590e+05,7.941000e+04,-3.412350e+05,-4.913660e+05,6.706950e+05,-4.014740e+05,-5.172400e+04,4.606800e+04,4.284530e+05,-1.340050e+05,3.041900e+04,1.867250e+05,-3.197360e+05,-1.991340e+05,3.025140e+05,-3.576310e+05,-3.250800e+04,1.817920e+05,6.156900e+04,-3.794750e+05,6.634740e+05,8.865900e+04,-1.258100e+05,-6.547080e+05,7.800220e+05,-6.264950e+05,5.357310e+05,9.506300e+04,-5.867780e+05,4.064680e+05,-5.150140e+05,2.680000e+03,4.858790e+05,-3.751100e+04,-4.886850e+05,2.565720e+05,4.610170e+05,-4.591480e+05,2.213780e+05,7.073100e+04,-5.931530e+05,2.517980e+05,1.761940e+05,6.837300e+04,-2.859800e+04,-4.212930e+05,6.107440e+05,-6.110700e+04,-1.582390e+05,-2.276880e+05,3.781570e+05,-3.135040e+05,-2.202900e+05,3.336080e+05,-1.494730e+05,-2.590070e+05,5.258520e+05,-5.137430e+05,8.173190e+05,-6.092500e+04,-1.885370e+05,-5.976970e+05,8.417560e+05,-5.213970e+05,1.835320e+05,-4.656690e+05,5.539140e+05,-2.554520e+05,-2.481600e+04,-4.344700e+04,-2.659830e+05,2.820330e+05,2.083500e+05,-8.527000e+03,3.504060e+05,-8.015110e+05,5.514430e+05,-2.011300e+04,1.186450e+05,-5.067970e+05,6.522010e+05,-4.031990e+05,-1.563000e+03,4.319110e+05,-6.959100e+04,-1.510360e+05,1.729040e+05,-4.437390e+05,3.164840e+05,8.959000e+03,-4.234020e+05,4.668500e+04,3.112640e+05,-4.816480e+05,5.065510e+05,-4.052050e+05,-1.285770e+05,2.417250e+05,1.580820e+05,-7.213100e+04,1.170160e+05,-2.663900e+04,2.099020e+05,-5.746340e+05,-3.516600e+04,4.790460e+05,-3.948830e+05,4.350150e+05,-4.410680e+05,6.237640e+05,-7.178200e+04,-6.888690e+05,3.018270e+05,-7.334500e+04,-2.569580e+05,1.509740e+05,6.756210e+05,-2.793000e+03,-2.927650e+05,1.084200e+04,8.742900e+04,1.025710e+05,-7.612120e+05,3.986930e+05,-3.790760e+05,5.640770e+05,-6.512000e+03,-5.076530e+05,-1.293700e+04,1.515700e+05,2.389550e+05,1.040790e+05,2.061930e+05,-5.324050e+05,5.107070e+05,8.976500e+04,-5.335900e+04,-7.841760e+05,6.060420e+05,-4.944280e+05,7.395890e+05,-3.657410e+05,-2.832950e+05,6.015200e+04,4.609150e+05,-5.402530e+05,2.923880e+05,2.365350e+05,-5.430450e+05,-3.770000e+02,2.473760e+05,3.631230e+05,-7.978070e+05,3.861650e+05,-1.381850e+05,-1.956200e+05,5.024100e+04,6.740420e+05,-7.032730e+05,3.730400e+04,6.873000e+03,4.356840e+05,1.413830e+05,1.318030e+05,-1.545900e+04,-2.479110e+05,1.403070e+05,1.244300e+04,-2.133480e+05,-7.239000e+04,4.180160e+05,-4.550220e+05,4.618700e+05,-7.652800e+05,5.863930e+05,2.278400e+04,-4.055310e+05,-1.024820e+05,3.405810e+05,-1.298380e+05,-2.159700e+04,5.066950e+05,-6.667160e+05,1.618590e+05,-7.140000e+03,9.509900e+04,-1.150220e+05,4.310000e+04,-4.959800e+04,8.170600e+04,8.040500e+04,-1.239880e+05,-3.826110e+05,3.030500e+05,-7.344700e+04,5.831930e+05,-2.612300e+04,-7.518790e+05,5.143740e+05,-1.582080e+05,-5.531000e+03,3.239000e+04,3.680320e+05,-4.436620e+05,1.671110e+05,-2.683700e+04,-3.396160e+05,6.615800e+05,-1.293190e+05,-8.029700e+04,-2.869970e+05,-2.321780e+05,4.263980e+05,-5.371200e+04,-7.031900e+04,4.192580e+05,-7.773520e+05,6.333980e+05,-3.563800e+05,-8.212000e+03,-1.848960e+05,7.052870e+05,-2.134620e+05,-4.862450e+05,2.707400e+04,6.943550e+05,1.568600e+04,-8.177890e+05,7.612150e+05,-2.886790e+05,-1.572580e+05,-6.305400e+04,-2.562900e+05,2.107750e+05,3.120220e+05,-7.916000e+03,1.026750e+05,5.366800e+04,-3.275990e+05,5.461800e+04,-1.078910e+05,2.854060e+05,-9.629900e+04,3.185080e+05,-6.683080e+05,6.521210e+05,-1.622350e+05,-4.643960e+05,3.855180e+05,-5.186160e+05,3.461310e+05,2.818840e+05,1.054090e+05,-6.860690e+05,6.956390e+05,-7.675180e+05,8.270250e+05,-1.074140e+05,1.334340e+05,-2.117630e+05,-3.960920e+05,5.743700e+04,-2.748170e+05,2.476190e+05,1.869500e+05,1.184680e+05,1.584400e+05,-5.291140e+05,9.087400e+04,-8.789600e+04,4.255040e+05,-9.827800e+04,2.787710e+05,-6.520580e+05,3.014920e+05,-3.895370e+05,6.400000e+01,5.799400e+04,4.606800e+04,3.855820e+05,-3.793590e+05,3.109370e+05,-1.512740e+05,-3.552120e+05,5.248690e+05,-3.556360e+05,-1.414660e+05,4.518920e+05,3.556900e+05,-8.267720e+05,1.588670e+05,4.086000e+04,4.940400e+04,-3.468700e+04,2.072160e+05,3.176170e+05,2.518000e+03,-4.530820e+05,-2.114980e+05,1.213000e+04,4.402850e+05,1.327450e+05,-4.887000e+03,-2.622070e+05,3.806880e+05,-6.033960e+05,3.295190e+05,2.994900e+05,-4.641390e+05,2.943250e+05,-1.336680e+05,-2.475900e+04,-2.134770e+05,5.337970e+05,-2.987090e+05,3.113920e+05,-7.218390e+05,3.785630e+05,-1.367170e+05,5.338520e+05,-4.482090e+05,1.034120e+05,-3.252890e+05,5.011970e+05,-1.253800e+04,-1.180730e+05,7.500000e+01,-9.128200e+04,-4.898930e+05,6.073160e+05,-7.915100e+04,3.165300e+04,-1.599400e+05,-8.403800e+04,-2.305540e+05,2.207490e+05,1.313050e+05,9.896500e+04,-2.985010e+05,5.671670e+05,-5.879730e+05,4.678330e+05,-3.575940e+05,1.798130e+05,1.016290e+05,2.436980e+05,-4.900580e+05,2.797910e+05,-2.777390e+05,2.732250e+05,-5.096000e+03,9.279100e+04,-4.421020e+05,4.883540e+05,-2.247510e+05,-5.359010e+05,4.515430e+05,-3.059390e+05,3.540800e+05,-3.835000e+04,3.013780e+05,-7.063350e+05,-6.696000e+03,2.226990e+05,1.096290e+05,-3.185130e+05,4.434480e+05,2.409340e+05,-1.382860e+05,6.368600e+04,-9.190100e+04,2.550040e+05,-3.684820e+05,-4.494950e+05,3.535550e+05,-2.668530e+05,6.942040e+05,-1.365030e+05,9.420100e+04,-4.835370e+05,1.367220e+05,7.843000e+03,-3.094830e+05,5.133590e+05,-3.225420e+05,2.845040e+05,5.872000e+04,4.773900e+04,5.982800e+04,-5.684640e+05,9.389000e+03,3.612060e+05,-3.747970e+05,8.395400e+04,5.026430e+05,-2.651680e+05,-2.345580e+05,1.273520e+05,-2.423500e+04,4.458950e+05,-7.089630e+05,-3.487400e+04,7.009000e+05,-1.774450e+05,-5.656310e+05,1.544540e+05,5.369650e+05,1.285730e+05,1.795200e+04,-3.500980e+05,-3.549630e+05,1.546730e+05,-2.609920e+05,1.542920e+05,6.680320e+05,-5.835340e+05,5.200580e+05,-1.732490e+05,-5.357950e+05,4.986240e+05,1.582890e+05,-5.264070e+05,4.109100e+04,-2.165080e+05,3.762870e+05,-2.750050e+05,4.183240e+05,1.417290e+05,-2.289150e+05,-5.059120e+05,6.688860e+05,-3.787700e+04,-5.407860e+05,3.885230e+05,-2.153220e+05,-1.251540e+05,5.429780e+05,-5.783590e+05,-7.784300e+04,5.609300e+05,-2.845500e+04,-3.515450e+05,6.343410e+05,-2.081850e+05,-1.972530e+05,4.023730e+05,2.701900e+04,-5.771950e+05,2.291230e+05,-4.275140e+05,7.401680e+05,-5.125890e+05,2.734200e+04,-1.187410e+05,8.964100e+04,4.036290e+05,-3.937460e+05,5.079650e+05,-2.733810e+05,2.773400e+05,2.053000e+03,-5.044950e+05,1.582000e+05,3.612680e+05,-1.159720e+05,2.414000e+04,-7.451490e+05,4.270060e+05,3.457820e+05,-7.417290e+05,6.672000e+03,3.985890e+05,-2.745350e+05,-1.777250e+05,1.091410e+05,4.282140e+05,2.246470e+05,-6.825790e+05,6.697580e+05,-3.649690e+05,-2.913540e+05,5.911870e+05,-5.881800e+04,-2.640120e+05,-3.462940e+05,3.082300e+04,1.396170e+05,7.869900e+04,6.200510e+05,-1.337640e+05,-5.439630e+05,5.408420e+05,-6.382590e+05,5.955000e+05,2.110000e+03,1.457690e+05,-3.616230e+05,1.569620e+05,-2.459630e+05,-1.584100e+04,2.339710e+05,-1.580290e+05,3.014860e+05,-4.056300e+04,-3.357550e+05,4.918900e+05,-5.123510e+05,-1.111080e+05,-1.906890e+05,1.574070e+05,3.426630e+05,-4.007810e+05,6.673310e+05,-5.348940e+05,2.352080e+05,2.397760e+05,-4.228100e+05,3.748250e+05,-5.815260e+05,1.159790e+05,2.410610e+05,-2.254870e+05,-1.619180e+05,5.028020e+05,-6.112500e+05,7.401930e+05,-2.514290e+05,8.390000e+03,-2.847000e+03,3.213470e+05,7.381100e+04,-6.688760e+05,8.205500e+04,4.565590e+05,-7.094390e+05,6.463020e+05,-3.281500e+04,-3.217890e+05,5.351940e+05,-2.235030e+05,-1.643830e+05,5.911800e+04,2.757170e+05,-3.970530e+05,4.242250e+05,-4.703380e+05,-1.572770e+05,1.416000e+03,-9.551400e+04,2.424610e+05,1.173940e+05,1.455480e+05,1.697300e+04,-4.452400e+04,-3.329130e+05,3.869860e+05,-2.855940e+05,3.156590e+05,-5.046250e+05,6.928230e+05,-2.629960e+05,-5.120760e+05,2.394700e+04,-9.967800e+04,7.632220e+05,-6.854930e+05,5.466240e+05,-8.833200e+04,-1.885430e+05,2.630790e+05,-3.118350e+05,4.658130e+05,-4.965410e+05,-1.173810e+05,6.876000e+04,-7.231600e+04,3.935440e+05,-8.851600e+04,-7.090100e+04,2.167690e+05,2.352060e+05,-3.476800e+04,-5.376850e+05,2.521790e+05,-7.929200e+04,1.106650e+05,-2.608360e+05,5.351160e+05,-4.736770e+05,5.327800e+04,3.279370e+05,-7.366730e+05,5.224650e+05,-5.481170e+05,8.823890e+05,-4.330530e+05,-4.148710e+05,6.102740e+05,
y[]:
8.166402e+00,7.090643e+00,2.628852e+00,6.277735e+00,9.444416e+00,9.122673e+00,1.267203e+01,8.613090e+00,5.379547e+00,4.664203e+00,1.340283e+01,9.082494e+00,1.376502e+01,5.272613e+00,1.395120e+01,9.557764e+00,4.644486e+00,3.931654e+00,1.158926e+01,8.163144e+00,1.015448e+01,6.294350e+00,1.296014e+01,4.033560e+00,6.508329e+00,1.282295e+01,7.439496e+00,2.293550e+00,1.303515e+01,4.209132e+00,7.600506e+00,1.059330e+01,1.255960e+01,1.233479e+01,4.997235e+00,9.045957e+00,3.305062e+00,1.157785e+01,4.679408e+00,8.949819e+00,2.076855e+00,1.196288e+01,9.570133e+00,9.147318e+00,1.141471e+01,3.421844e+00,2.805938e+00,4.984889e+00,8.427377e+00,4.607807e+00,8.735704e+00,8.734166e+00,9.007985e+00,1.039236e+01,1.102882e+01,1.214264e+01,5.626627e+00,4.411530e+00,1.282521e+01,9.691860e+00,4.895757e+00,2.487728e+00,9.226892e+00,4.381062e+00,2.220568e+00,2.752039e+00,1.210135e+01,1.294332e+01,8.275383e+00,4.557665e+00,4.640024e+00,1.138876e+01,6.751413e+00,5.498135e+00,2.739424e+00,2.826993e+00,1.106582e+01,1.220745e+01,8.684835e+00,8.643323e+00,8.064408e+00,1.229572e+01,9.719013e+00,8.611156e+00,6.977617e+00,1.303158e+01,4.100699e+00,9.381449e+00,1.112815e+01,3.136051e+00,2.380387e+00,8.833090e+00,1.046655e+01,6.775940e+00,6.752306e+00,3.014757e+00,6.268185e+00,1.257365e+01,8.001569e+00,2.391079e+00,1.079101e+01,9.828607e+00,3.318284e+00,7.878894e+00,8.155947e+00,1.029097e+01,1.151103e+01,4.055178e+00,5.791432e+00,1.162633e+01,7.732375e+00,2.070659e+00,1.209713e+01,3.454437e+00,2.239908e+00,8.137568e+00,9.172412e+00,1.201213e+01,7.870206e+00,1.318610e+01,5.392742e+00,1.123691e+01,2.649810e+00,5.612212e+00,1.249913e+01,5.381262e+00,6.242883e+00,9.620591e+00,1.108788e+01,1.146238e+01,8.719948e+00,1.284892e+01,5.333732e+00,1.151216e+01,8.664681e+00,8.776287e+00,4.947083e+00,6.751159e+00,1.224682e+01,3.923522e+00,5.716853e+00,6.157927e+00,9.244362e+00,3.422233e+00,3.300790e+00,6.123314e+00,7.051503e+00,3.727989e+00,8.562475e+00,8.734398e+00,9.040958e+00,5.777720e+00,2.743327e+00,1.265640e+01,8.595376e+00,5.031297e+00,6.257545e+00,3.313164e+00,4.846753e+00,5.042509e+00,1.091666e+01,3.716947e+00,1.249693e+01,6.617988e+00,2.043518e+00,9.126114e+00,7.219760e+00,5.158071e+00,1.184370e+01,6.136273e+00,3.346328e+00,1.001316e+01,1.283212e+01,1.099890e+01,4.350784e+00,9.783144e+00,1.155528e+01,1.100464e+01,1.261681e+01,9.624626e+00,7.849397e+00,2.456591e+00,5.344649e+00,1.218376e+01,8.273699e+00,1.115407e+01,1.224201e+01,2.252018e+00,4.224491e+00,9.221330e+00,8.669115e+00,5.013264e+00,2.595180e+00,9.243234e+00,3.839148e+00,5.390981e+00,8.670936e+00,9.664555e+00,6.633835e+00,6.537344e+00,2.889991e+00,1.304166e+01,8.631578e+00,7.657951e+00,7.316365e+00,9.940010e+00,2.897547e+00,8.971859e+00,4.641720e+00,3.869266e+00,1.035530e+01,1.036721e+01,4.574744e+00,4.802385e+00,3.665641e+00,1.320170e+01,6.496304e+00,6.923616e+00,2.703248e+00,6.226629e+00,1.123762e+01,4.533838e+00,7.658458e+00,4.104435e+00,1.323095e+01,8.676909e+00,1.103294e+01,2.715400e+00,1.338617e+01,9.641364e+00,7.779592e+00,8.025020e+00,7.570738e+00,9.419503e+00,4.670792e+00,5.228585e+00,5.955654e+00,3.624475e+00,8.566819e+00,3.834960e+00,4.559718e+00,9.851778e+00,5.803851e+00,3.261786e+00,8.394032e+00,1.139964e+01,1.307859e+01,1.107582e+01,7.702727e+00,8.888210e+00,8.277228e+00,3.733194e+00,8.420545e+00,1.144421e+01,3.821153e+00,7.901644e+00,6.185269e+00,9.920953e+00,8.546727e+00,5.046045e+00,1.225532e+01,6.027847e+00,3.593948e+00,3.552212e+00,5.747338e+00,5.620703e+00,5.918376e+00,5.544315e+00,8.782489e+00,3.894214e+00,2.335603e+00,3.567796e+00,4.142148e+00,1.091909e+01,3.879114e+00,9.196926e+00,7.358483e+00,5.256430e+00,7.411447e+00,9.261386e+00,7.285439e+00,9.131863e+00,1.301169e+01,5.278584e+00,1.265059e+01,2.717434e+00,1.286676e+01,1.136518e+01,2.895400e+00,4.708927e+00,3.586167e+00,1.128077e+01,7.270767e+00,7.758805e+00,8.055622e+00,4.236865e+00,3.636287e+00,1.942010e+00,4.751564e+00,9.771835e+00,6.561657e+00,3.911054e+00,9.529508e+00,1.138639e+01,1.280222e+01,3.936260e+00,1.223244e+01,7.886532e+00,1.112700e+01,1.164816e+01,1.365277e+01,6.195400e+00,7.773785e+00,1.031719e+01,8.126255e+00,1.155994e+01,4.340688e+00,7.596739e+00,6.672990e+00,5.925359e+00,6.866522e+00,1.253500e-02,9.978398e+00,4.295518e+00,7.990120e+00,5.580899e+00,2.468107e+00,6.973375e+00,9.470279e+00,4.189503e+00,3.156580e+00,3.857722e+00,1.077210e+01,8.986081e+00,8.434756e+00,3.231640e+00,1.183538e+01,8.624963e+00,1.103429e+01,8.140292e+00,4.479343e+00,3.876665e+00,1.301787e+01,8.250140e+00,5.631971e+00,8.881937e+00,4.100931e+00,1.323057e+01,2.679075e+00,1.083861e+01,8.087782e+00,6.291742e+00,6.777395e+00,4.824629e+00,6.388213e+00,4.963396e+00,5.427868e+00,6.634537e+00,1.108600e+01,6.828207e+00,6.252512e+00,7.240516e+00,4.234039e+00,1.203545e+01,5.273340e+00,1.300480e+01,8.361212e+00,1.104154e+01,8.184934e+00,4.974043e+00,7.264463e+00,5.792969e+00,4.283215e+00,8.125785e+00,1.093768e+01,9.045208e+00,9.687528e+00,2.453817e+00,4.069836e+00,8.609853e+00,4.251719e+00,4.706257e+00,6.682212e+00,6.463534e+00,8.287070e+00,6.966077e+00,8.458581e+00,5.830588e+00,1.299717e+01,1.285607e+01,5.025176e+00,1.031227e+01,4.611813e+00,1.108694e+01,5.486051e+00,1.421515e+01,3.935914e+00,1.080314e+01,4.036538e+00,3.178849e+00,1.045187e+01,4.146907e+00,9.809216e+00,8.913040e+00,1.310468e+01,6.162162e+00,5.489500e+00,8.310952e+00,9.981043e+00,8.205497e+00,7.624893e+00,7.329070e+00,4.182804e+00,1.250010e+01,7.515440e+00,4.259955e+00,7.713547e+00,4.209699e+00,6.505145e+00,9.707075e+00,8.894852e+00,2.942588e+00,6.788695e+00,2.879038e+00,8.398398e+00,5.415666e+00,6.441959e+00,1.253745e+01,9.237614e+00,6.593099e+00,5.386523e+00,9.705969e+00,6.090633e+00,1.148592e+01,5.867666e+00,9.384650e+00,1.318658e+01,1.100063e+01,8.144776e+00,1.196444e+01,1.003010e+01,3.374339e+00,7.225942e+00,4.787569e+00,1.120808e+01,7.181145e+00,1.084047e+01,7.697438e+00,7.117080e+00,1.152510e+01,1.225587e+01,9.547901e+00,1.308483e+01,5.768714e+00,8.332797e+00,8.869881e+00,2.666033e+00,3.404038e+00,8.407619e+00,9.404196e+00,6.694317e+00,1.225915e+01,2.834413e+00,7.198172e+00,1.093474e+01,9.173483e+00,1.175657e+01,7.956155e+00,7.213389e+00,3.890936e+00,8.059883e+00,7.316335e+00,1.059443e+01,8.491315e+00,4.760164e+00,5.008542e+00,7.063592e+00,5.722781e+00,7.959135e+00,9.442817e+00,1.210728e+01,1.152963e+01,5.297351e+00,1.067848e+01,3.895563e+00,1.053743e+01,9.276100e+00,4.081374e+00,8.841548e+00,1.166364e+01,2.403714e+00,3.951002e+00,2.539416e+00,7.473834e+00,6.146123e+00,1.309691e+01,1.238382e+01,7.286923e+00,9.621506e+00,1.222270e+01,3.812617e+00,7.323190e+00,1.352900e+01,8.622245e+00,8.205372e+00,5.070025e+00,6.699474e+00,9.620319e+00,3.381257e+00,8.789404e+00,9.978040e+00,7.151439e+00,1.106463e+01,1.103216e+01,8.912315e+00,2.202257e+00,1.244240e+01,7.946769e+00,3.786535e+00,8.443794e+00,1.295257e+01,1.218507e+01,8.069676e+00,5.622350e+00,4.744791e+00,3.241995e+00,2.896774e+00,4.744876e+00,6.483409e+00,1.163829e+01,1.263205e+01,9.778696e+00,1.051401e+01,2.146779e+00,4.079998e+00,1.038932e+01,1.060436e+01,6.952389e+00,1.098861e+01,8.206280e+00,4.000554e+00,2.989216e+00,8.886571e+00,8.523131e+00,1.251604e+01,2.774346e+00,8.554909e+00,1.787700e-02,7.688102e+00,1.144791e+01,5.042940e+00,9.634472e+00,7.404679e+00,1.325289e+01,5.180462e+00,1.066694e+01,1.003991e+01,1.263754e+01,3.091646e+00,3.534871e+00,5.658077e+00,3.060964e+00,6.578677e+00,1.152736e+01,8.467252e+00,5.464621e+00,2.513662e+00,7.328804e+00,1.008943e+01,7.127221e+00,1.121027e+01,6.221866e+00,1.186315e+01,4.420606e+00,3.138068e+00,2.355095e+00,6.530105e+00,5.983935e+00,5.402700e+00,1.188834e+01,1.020352e+01,4.786069e+00,1.054743e+01,8.388952e+00,1.177936e+01,1.085010e+01,1.078819e+01,9.993292e+00,8.773238e+00,1.164956e+01,2.394973e+00,2.601562e+00,8.845533e+00,1.068891e+01,4.066212e+00,1.284494e+01,7.964110e+00,3.845413e+00,2.030113e+00,1.102759e+01,1.227346e+01,6.727736e+00,7.627210e+00,6.200957e+00,7.253598e+00,6.353333e+00,1.319846e+01,8.408612e+00,1.262690e+01,4.134271e+00,5.138884e+00,8.469423e+00,9.719744e+00,9.224392e+00,7.799064e+00,5.544980e+00,4.644704e+00,7.562273e+00,3.364294e+00,7.362071e+00,3.691146e+00,6.202203e+00,5.868281e+00,1.133103e+01,1.076151e+01,1.266999e+01,4.697286e+00,7.675553e+00,9.268933e+00,1.282206e+01,7.209724e+00,8.874275e+00,1.071240e+01,6.422482e+00,5.568327e+00,7.182062e+00,6.994329e+00,7.238847e+00,8.821615e+00,1.233539e+01,2.616829e+00,1.055025e+01,7.848561e+00,2.390005e+00,1.947469e+00,2.555380e+00,2.630057e+00,7.377766e+00,1.253196e+01,1.072776e+01,4.742777e+00,7.143604e+00,1.000576e+01,6.338496e+00,5.184074e+00,1.270897e+01,5.743118e+00,1.077696e+01,3.715292e+00,7.085338e+00,8.074158e+00,1.018111e+01,1.302847e+01,1.164942e+01,9.059937e+00,7.680583e+00,5.162593e+00,2.448600e-02,6.100013e+00,1.140037e+01,2.429200e-02,2.176400e-02,2.463906e+00,1.062777e+01,8.146440e+00,6.461655e+00,5.832701e+00,9.380848e+00,1.001800e-02,2.156765e+00,6.965603e+00,2.878753e+00,1.215745e+01,3.751452e+00,4.935471e+00,4.244665e+00,1.032947e+01,9.363274e+00,9.764725e+00,2.882470e+00,6.941063e+00,7.886369e+00,8.638549e+00,6.978786e+00,9.789299e+00,8.133777e+00,9.617617e+00,6.041094e+00,1.009706e+01,7.606493e+00,6.032337e+00,6.865785e+00,1.111310e+01,3.739155e+00,1.249228e+01,1.270417e+01,3.192155e+00,1.045358e+01,5.469252e+00,1.326957e+01,9.049604e+00,4.737933e+00,1.077660e+01,6.046161e+00,5.031024e+00,9.093505e+00,9.668992e+00,1.006687e+01,8.140313e+00,1.088522e+01,6.317759e+00,2.312221e+00,7.949182e+00,4.187727e+00,6.463357e+00,7.305703e+00,2.436171e+00,7.790807e+00,9.417000e-03,6.712904e+00,3.010500e+00,1.072205e+01,9.590134e+00,3.194042e+00,9.292996e+00,7.995852e+00,9.684856e+00,1.079851e+01,1.246114e+01,6.429551e+00,7.536827e+00,2.928963e+00,8.857045e+00,1.253827e+01,3.373618e+00,4.906789e+00,7.326951e+00,4.029571e+00,1.353756e+01,1.017990e+01,1.069796e+01,3.191789e+00,2.329187e+00,7.989315e+00,7.568222e+00,7.379146e+00,1.179878e+01,6.412129e+00,1.126567e+01,6.554077e+00,6.429215e+00,9.754447e+00,1.237142e+01,3.603879e+00,5.201683e+00,9.814523e+00,9.938270e+00,5.261692e+00,1.180409e+01,3.958426e+00,1.174118e+01,9.179218e+00,5.969213e+00,7.185000e-02,8.300459e+00,2.321404e+01,6.385461e+00,6.470416e+00,8.354763e+00,9.050377e+00,3.882389e+00,1.322539e+01,4.342276e+00,3.213979e+00,5.493767e+00,1.014094e+01,8.735366e+00,9.845566e+00,1.160527e+01,9.947910e+00,4.858828e+00,1.182007e+01,6.230761e+00,2.628504e+00,5.943826e+00,4.274509e+00,5.116694e+00,1.359780e+01,5.225436e+00,5.698138e+00,8.957848e+00,5.479601e+00,7.787185e+00,7.361594e+00,5.262754e+00,4.866285e+00,1.003382e+01,1.303553e+01,1.266833e+01,1.298801e+01,7.978007e+00,1.245261e+01,5.358124e+00,5.082673e+00,9.455883e+00,1.192609e+01,1.091375e+01,8.307831e+00,7.117975e+00,1.076585e+01,7.662344e+00,3.526733e+00,1.914600e-02,6.482133e+00,5.459504e+00,4.170481e+00,6.840656e+00,1.237085e+01,9.299796e+00,2.366904e+00,4.966519e+00,7.727971e+00,1.223317e+01,8.526116e+00,6.702764e+00,3.908531e+00,9.995022e+00,1.284239e+01,9.089378e+00,6.287603e+00,2.418821e+00,5.556075e+00,9.930144e+00,9.032136e+00,7.586610e+00,9.394708e+00,2.619373e+00,8.470604e+00,1.240896e+01,1.942900e-02,1.388788e+01,2.783153e+00,2.287101e+00,6.865190e+00,5.394535e+00,7.910172e+00,1.106641e+01,7.708305e+00,6.172826e+00,2.408015e+00,1.361214e+01,3.592504e+00,8.197623e+00,3.908646e+00,4.276778e+00,9.108045e+00,5.818560e+00,1.144734e+01,4.148636e+00,9.432699e+00,2.314461e+00,9.337305e+00,5.754569e+00,3.070740e+00,1.306966e+01,1.189137e+01,8.507989e+00,8.421063e+00,4.629900e-02,9.254341e+00,9.228958e+00,1.182020e+01,4.446600e-02,5.489079e+00,1.029118e+01,4.522200e-02,1.083037e+01,9.060159e+00,4.182538e+00,1.194638e+01,1.349607e+01,5.776529e+00,1.318590e+01,6.999869e+00,1.303306e+01,7.995719e+00,9.192845e+00,7.110879e+00,1.128067e+01,2.664316e+00,4.201960e+00,3.671358e+00,8.303136e+00,1.285123e+01,8.577128e+00,7.884889e+00,1.271099e+01,4.691748e+00,1.127405e+01,8.650546e+00,1.158892e+01,3.113642e+00,1.135182e+01,8.334595e+00,3.151719e+00,3.605199e+00,8.732155e+00,4.886810e+00,7.549322e+00,2.615115e+00,8.035525e+00,4.110537e+00,8.388169e+00,1.283671e+01,1.181713e+01,1.092869e+01,6.539922e+00,9.005884e+00,4.077170e+00,6.699656e+00,8.986508e+00,6.796672e+00,6.931823e+00,5.513435e+00,8.842774e+00,9.918789e+00,1.077363e+01,2.464442e+00,8.013857e+00,4.413335e+00,7.991572e+00,1.256753e+01,1.846400e-02,9.326473e+00,1.248393e+01,1.048993e+01,2.466578e+00,4.158922e+00,6.619563e+00,6.591056e+00,5.683541e+00,6.550410e+00,3.475066e+00,8.687353e+00,4.344394e+00,2.174000e-02,6.349034e+00,1.090151e+01,5.691022e+00,9.097592e+00,9.181658e+00,1.035324e+01,1.248448e+01,5.790145e+00,1.250155e+01,1.021683e+01,3.702090e+00,4.507056e+00,5.069617e+00,9.845043e+00,1.031648e+01,1.071337e+01,5.675777e+00,2.597066e+00,9.220102e+00,1.132942e+01,3.634712e+00,3.704035e+00,8.244189e+00,9.077039e+00,1.392589e+01,2.270098e+00,1.292104e+01,1.106433e+01,1.256964e+01,8.450006e+00,2.065900e-02,1.919197e+00,5.960295e+00,1.119693e+01,9.277959e+00,4.279226e+00,1.113855e+01,6.625308e+00,1.169068e+01,1.220617e+01,1.359305e+01,1.283563e+01,9.034345e+00,9.979523e+00,

Regression parameters
Slope (bjmp):-3.622202e-08
Intercept (ajmp):7.629843e+00

