
Start time (time):1456784889236707221

Carving statistics:

carv-start-time,carv-file-no,carv-start-blk,carv-stop-time,carv-stop-blk,file-len-in-blocks,total-carved-blks,total-blks-processed
---------------------------------------------------------------------------------------------------------------------------------

Calculating time of 1000 random block accesses. For each block a LIBLINEAR test for JPEG data is included into the timing.
Distance jumped (+/-), start time, finish time (in process timer ticks):
--------------------------------------------------

Calcluating regression for the jump test...
---
x[]:
9.528552e+07,-8.130239e+07,2.099660e+08,-1.824798e+08,7.285903e+07,1.375671e+07,6.137531e+07,2.556876e+07,-1.469770e+08,1.476645e+08,5.330150e+06,-1.981085e+08,4.061831e+07,3.700494e+07,-5.917765e+07,2.396840e+07,-3.648142e+07,3.287824e+07,1.598377e+07,-7.220152e+07,3.575828e+06,-7.180620e+05,1.356605e+08,-9.073495e+07,9.903061e+07,-1.254198e+08,1.223668e+08,7.683088e+07,-8.946529e+07,-1.272697e+08,2.008906e+08,-1.584411e+07,-1.710633e+08,1.389061e+08,-1.608151e+08,9.872855e+07,-4.427004e+07,9.749305e+07,-1.101443e+08,4.319458e+07,4.822468e+07,9.211865e+07,-1.549139e+08,8.884299e+07,-6.780925e+07,2.035008e+07,1.128114e+08,-1.417995e+08,5.322833e+07,-1.056465e+08,5.794946e+07,1.929534e+07,-6.885574e+07,1.561012e+08,-3.393079e+07,-7.333943e+06,6.819019e+07,-1.835145e+08,1.070058e+08,-2.127510e+07,-7.634254e+07,3.594584e+07,-3.711921e+07,-1.296420e+07,-2.208091e+07,3.650735e+07,4.825554e+07,-6.635096e+07,1.715092e+08,-6.188880e+07,-2.315638e+07,-5.221657e+07,6.773866e+07,5.637136e+07,-8.823900e+05,-7.058600e+04,-1.577202e+08,1.119290e+08,-1.418701e+08,1.299498e+08,6.282511e+06,-8.392061e+07,-4.768773e+07,1.718684e+08,-1.622611e+08,1.153143e+08,-6.990717e+07,-5.656206e+07,1.662415e+08,3.709859e+07,-1.153460e+08,8.989895e+07,-1.613972e+08,1.194853e+08,3.942593e+07,5.096352e+07,-7.844902e+07,-1.092514e+08,-1.538744e+07,5.555137e+07,6.330148e+07,-3.854382e+07,3.334806e+06,-1.034015e+08,1.782753e+07,3.996123e+07,9.346074e+07,-1.398927e+08,1.518902e+08,-1.090051e+07,-9.942909e+06,-7.626890e+07,1.396205e+08,-9.513945e+07,9.559952e+07,1.486828e+07,-2.142668e+08,2.569235e+07,1.552391e+08,-4.802529e+07,-1.341419e+08,3.989308e+07,4.364841e+06,1.733442e+08,-7.506329e+07,-1.531421e+08,2.243077e+08,-1.535123e+08,-6.546059e+07,2.089203e+08,-9.796094e+07,-2.159111e+06,-6.406522e+07,1.773243e+08,-1.055606e+08,-8.374650e+07,-1.715609e+07,-1.209987e+07,4.831129e+07,1.347341e+08,-2.300038e+07,8.595630e+05,-1.384676e+08,7.911133e+07,-9.427989e+07,-5.359257e+06,5.647080e+07,-3.659621e+07,-1.717572e+07,1.477702e+07,1.123113e+08,8.312403e+07,-1.797715e+08,1.541850e+08,2.202657e+07,-2.039319e+07,-3.646589e+07,1.189262e+07,-1.739055e+08,1.325152e+08,-1.362877e+07,8.401800e+04,9.284724e+07,-4.018517e+07,-5.703330e+07,-5.022219e+07,1.480188e+08,-7.418939e+07,-6.232206e+07,-7.562039e+07,6.054476e+07,-4.781363e+07,1.221720e+08,-7.792284e+07,3.129770e+07,6.540093e+07,-1.207909e+08,1.252773e+08,-8.704096e+06,-1.004578e+08,1.400543e+08,-1.683432e+08,2.017504e+07,1.572156e+08,-1.415825e+07,4.220160e+07,-6.011040e+07,-8.813296e+07,9.160304e+07,-3.708307e+07,8.189102e+07,-1.564674e+08,-3.699905e+07,1.372294e+08,3.778909e+07,-9.403235e+07,1.245161e+08,-4.863377e+07,-1.682217e+08,6.219401e+07,7.267868e+07,-1.076770e+08,1.438038e+07,-2.082151e+06,4.884183e+07,4.567809e+07,2.580996e+07,-3.444026e+07,-6.348624e+07,1.710587e+07,9.954357e+07,-1.578736e+08,8.320428e+07,-1.147230e+08,1.962749e+08,-1.278868e+08,1.244114e+08,-6.076832e+07,1.842190e+07,-1.842721e+07,-9.785139e+07,6.280411e+07,5.954706e+07,-1.348504e+08,3.100721e+06,9.733615e+07,5.558849e+06,-1.068249e+08,1.119356e+07,7.177876e+07,-4.463085e+07,1.213811e+08,-3.589823e+07,-3.025046e+07,8.179009e+07,-1.839892e+08,1.542762e+07,1.076001e+08,-2.149666e+07,-1.054980e+07,8.719710e+07,-1.188859e+08,2.850948e+07,-2.653144e+07,-3.667613e+07,2.785155e+07,4.251459e+07,-1.091976e+08,1.640161e+08,6.093649e+07,-1.276248e+08,6.616466e+07,-1.107011e+08,-3.056891e+07,1.657559e+08,-1.451091e+08,1.042761e+08,-1.006357e+08,-1.749236e+07,1.154696e+08,8.651824e+06,-6.212320e+07,2.409025e+06,-6.475522e+07,1.795768e+08,-1.502425e+08,-5.181162e+07,1.950044e+08,-4.264248e+07,-3.579946e+07,-4.998703e+07,4.455462e+07,4.224744e+07,-2.147755e+07,1.802318e+07,5.571314e+06,6.374000e+06,-1.363951e+08,9.330658e+07,-2.654277e+07,1.214743e+08,3.190617e+06,2.113076e+06,-2.236684e+08,2.070634e+08,-2.906389e+07,-1.343359e+08,3.938895e+07,1.047420e+08,-1.518283e+08,1.923674e+08,-1.210478e+08,2.049014e+07,-3.966524e+07,1.112980e+07,-3.437471e+07,4.453387e+07,-3.173004e+06,1.231209e+08,-1.950414e+08,1.579604e+08,-1.613078e+08,8.395482e+07,3.274976e+06,5.165632e+07,-1.324636e+08,-2.866253e+07,9.553913e+07,-7.192588e+07,1.021529e+08,3.148754e+07,4.954838e+07,-1.290982e+08,7.110944e+07,6.032158e+07,-1.564765e+08,4.536732e+06,1.604273e+08,-7.957869e+07,-1.251629e+08,8.598980e+06,1.127887e+08,-4.927789e+07,2.908912e+07,7.312346e+07,-6.392710e+05,-4.279440e+07,-1.167843e+08,-3.812275e+06,1.178353e+08,-1.148929e+08,1.916569e+08,-4.347246e+07,-3.093810e+07,-7.701858e+07,8.183853e+06,1.085487e+08,-1.056811e+08,6.621417e+07,3.662283e+07,-3.528244e+06,-9.923112e+07,8.617121e+07,-1.326264e+08,1.688112e+08,-5.044004e+07,-5.466121e+07,-6.109376e+07,7.247842e+07,1.002018e+08,-1.862567e+08,1.185862e+08,-5.896002e+07,3.641591e+07,-8.676630e+07,-2.334537e+07,3.577664e+07,1.048809e+08,-1.026209e+08,3.196436e+07,-1.172539e+07,-2.058096e+07,-1.082038e+07,1.792438e+08,-1.401025e+07,-1.253478e+08,-9.505189e+06,5.702965e+07,4.092157e+07,5.670898e+07,-1.782980e+08,3.739333e+07,-4.252214e+07,1.798237e+08,-9.523308e+07,-1.081526e+08,9.187483e+07,8.454736e+07,-1.692464e+08,2.018621e+08,-4.969254e+07,-1.210614e+08,8.600664e+07,-1.086526e+08,1.497961e+08,-3.826848e+07,-1.319979e+08,1.855728e+08,-1.303204e+08,-1.771530e+05,-1.690450e+07,5.488708e+07,1.675070e+07,-6.523370e+07,3.719803e+07,-3.476837e+07,8.136898e+07,-9.815972e+06,2.226128e+07,-1.121511e+08,4.689301e+07,1.159138e+08,-7.475776e+07,4.370875e+06,6.129580e+07,-1.699908e+08,1.306599e+08,-1.187798e+08,1.489982e+08,-1.077685e+06,-1.513594e+08,9.930562e+07,7.479373e+07,-6.535276e+07,-9.346935e+06,-9.851773e+06,-6.611242e+07,9.309678e+07,-5.872064e+07,5.000510e+05,9.291963e+07,-7.562514e+07,5.538713e+07,-1.247713e+08,1.310916e+08,5.507634e+07,-1.220309e+08,-2.198104e+07,4.526037e+07,9.716324e+07,-9.662332e+07,9.215338e+07,-2.136465e+07,2.555175e+07,-1.379174e+08,3.993115e+07,9.000255e+07,-7.257499e+06,-4.133986e+07,4.559066e+06,-4.584400e+07,7.925120e+07,-1.680858e+08,6.645855e+07,1.389845e+07,1.950012e+07,-1.403261e+08,1.447189e+08,-1.218447e+08,3.539495e+07,1.452189e+08,8.583704e+06,-4.023019e+07,-3.383561e+07,-1.161876e+08,9.086143e+07,-1.626808e+07,-3.776837e+06,6.888039e+07,2.899229e+07,-1.410552e+08,-2.774293e+07,1.211457e+08,-1.249111e+08,-2.191183e+06,-1.677172e+07,1.494617e+08,-1.466303e+08,2.104124e+08,-1.638286e+08,1.298793e+08,-6.987322e+07,-8.457739e+07,1.587263e+08,-3.414667e+06,-7.067895e+07,-1.870640e+07,5.319211e+07,7.403992e+07,-1.030423e+08,8.858706e+07,-1.518282e+07,-9.445863e+07,4.835687e+07,-8.652724e+07,2.379541e+07,1.392183e+08,-1.027953e+08,2.001857e+07,-2.634296e+07,-3.629421e+07,1.134050e+08,-5.408589e+07,8.485147e+07,-4.901492e+07,-1.876826e+07,6.807975e+07,-1.715037e+08,6.904311e+07,4.405053e+07,-6.338180e+07,-7.302810e+07,2.086190e+08,-1.104504e+08,8.569820e+07,-2.923735e+07,1.580351e+07,-1.299410e+08,2.395476e+07,8.984343e+07,-3.605053e+07,-8.439101e+07,3.715180e+07,-9.300034e+07,1.608987e+08,-4.937544e+07,-6.920493e+07,6.567534e+07,1.197797e+08,-8.669518e+07,7.684120e+07,-1.509562e+08,-1.079902e+07,2.275530e+07,-2.859587e+07,1.746277e+08,3.987046e+06,1.975062e+06,-1.938088e+08,3.552134e+07,8.353441e+07,-2.274894e+07,-3.750676e+07,5.771173e+07,6.373351e+07,-1.487414e+08,-9.034432e+06,1.170458e+08,-8.174959e+07,5.242914e+07,-6.506120e+07,-8.029130e+07,1.649710e+08,-2.790940e+07,6.115001e+07,-1.430136e+08,-3.977603e+07,1.888779e+08,-3.982949e+07,4.249486e+07,-9.475010e+07,-4.971100e+05,-1.084613e+08,1.664013e+08,2.225820e+07,-1.745660e+08,1.440962e+08,-1.126358e+07,-1.350821e+08,1.472203e+08,6.176658e+07,-8.905650e+07,-7.246152e+07,-1.324900e+07,-3.134477e+07,2.878081e+07,7.245126e+07,-4.037920e+07,1.083178e+08,-9.298330e+06,1.204994e+07,-1.911850e+08,1.823608e+08,-9.492956e+07,5.285605e+07,9.069192e+06,-3.501557e+06,-2.442879e+07,-3.649455e+07,-4.333105e+07,1.806607e+07,1.407058e+08,-4.382816e+07,-9.039522e+07,3.515670e+07,1.593885e+07,-3.051955e+07,1.417441e+08,-2.297664e+08,1.063488e+08,5.452270e+07,6.644186e+07,-2.021650e+07,1.957000e+07,-1.812488e+08,1.828804e+08,-2.235997e+08,1.256441e+08,-9.194048e+07,1.191598e+08,-8.058704e+07,1.545511e+08,-7.202519e+07,6.426497e+07,-1.373113e+08,-5.667796e+07,7.333417e+07,9.362881e+07,-4.359794e+07,3.683962e+07,-1.841439e+08,2.089098e+08,-5.689621e+07,6.469610e+06,-1.534359e+08,2.127021e+08,-2.120332e+08,8.799501e+07,1.200046e+08,-2.073579e+08,1.943438e+08,-5.991436e+07,5.601679e+07,-2.280551e+07,-7.785318e+07,-8.772319e+07,1.225660e+08,-6.701119e+07,3.792093e+07,6.813439e+07,5.214864e+07,-4.266611e+07,-4.926496e+07,1.763226e+07,-1.590995e+07,8.537422e+07,-7.655451e+07,-1.395086e+08,1.414942e+08,-8.264363e+07,1.317727e+08,-4.264966e+07,-1.456843e+08,7.487644e+07,1.328765e+06,-6.467857e+07,5.313693e+07,-1.377159e+07,6.082525e+07,-9.880896e+07,5.082097e+07,-1.678139e+07,1.132271e+08,-1.276039e+08,1.573459e+08,-1.990677e+08,1.911457e+07,4.547032e+07,5.871591e+06,5.703550e+07,-1.208369e+08,2.051141e+07,1.436940e+07,1.018486e+08,3.814367e+07,-1.540556e+06,-8.472767e+07,-9.020210e+05,9.339248e+07,-1.776751e+08,1.133872e+08,-9.276521e+06,1.411688e+07,-3.229713e+07,1.031087e+08,-2.206317e+07,-9.697571e+07,-7.819598e+07,1.674063e+06,1.607824e+08,-1.394961e+08,5.249504e+07,1.064922e+08,-2.626898e+07,-7.510886e+07,6.690526e+07,9.104984e+06,-5.599428e+07,1.123756e+08,-2.253224e+07,1.041219e+06,-8.461348e+06,3.548799e+07,-2.209820e+07,-1.410544e+08,7.363166e+07,-2.363876e+07,8.659544e+06,7.272964e+07,-1.646879e+08,6.542609e+07,-4.832483e+07,9.798602e+07,7.954297e+07,-8.062196e+07,-7.085571e+07,9.498862e+07,5.684398e+07,-1.490517e+08,5.915387e+07,-1.681529e+07,-1.659736e+07,7.414009e+07,-1.072560e+08,-4.286634e+07,-9.687670e+05,1.565821e+08,-3.376135e+07,-5.696305e+07,3.451608e+07,-1.878478e+07,-9.343065e+07,6.356355e+07,-2.080561e+07,1.564216e+08,-1.149997e+08,9.033487e+07,-1.391676e+08,1.656103e+08,-7.137714e+07,-6.941389e+07,-3.405250e+06,1.147397e+08,-8.936690e+06,-1.583039e+08,3.411772e+07,-4.228359e+07,1.336175e+08,9.096170e+07,-1.538265e+08,-4.167024e+07,7.414641e+07,2.650901e+07,3.246985e+07,4.399268e+06,-1.635733e+07,3.150108e+07,-1.109691e+08,-5.011868e+07,2.089797e+08,-3.894416e+07,-1.064123e+08,-8.138380e+07,2.215522e+08,-8.970907e+07,3.752899e+07,-9.038031e+07,6.257970e+05,9.529422e+07,-1.217028e+08,1.261815e+08,-1.710525e+08,7.182475e+07,6.479517e+06,5.445246e+07,-8.647918e+07,7.810605e+07,1.216887e+07,4.713836e+07,-6.537390e+07,5.527523e+07,5.468115e+06,8.772505e+06,-1.151486e+08,3.793796e+07,-2.433704e+07,1.029357e+08,-1.650026e+08,1.366444e+08,5.281704e+07,-1.904646e+08,9.770020e+07,-5.359524e+07,-7.491555e+07,8.481078e+07,1.286462e+08,-7.489537e+07,3.193928e+07,-1.426785e+08,2.039884e+07,1.446781e+08,-1.649702e+07,-1.506537e+08,-1.793881e+07,2.749131e+07,1.382404e+08,-1.044180e+08,6.808854e+07,-8.403234e+07,-1.977081e+07,-3.479418e+07,8.751713e+06,-1.430269e+07,2.084200e+08,-1.439057e+08,2.363527e+07,-5.035872e+07,-3.461159e+06,9.307431e+07,8.628565e+07,1.184706e+07,-9.739026e+07,-5.045580e+07,-4.239360e+06,2.462702e+07,7.186380e+07,-1.475437e+08,-1.275954e+07,6.629426e+07,-5.578053e+07,4.514813e+07,-2.346930e+07,1.621641e+08,-1.055055e+08,-4.140810e+07,1.521466e+08,-2.017067e+08,1.261244e+08,-1.420652e+07,-5.129742e+07,6.884476e+07,-1.149188e+07,-4.254571e+07,1.703325e+07,-3.751356e+07,8.549906e+07,4.066852e+07,-8.787227e+07,4.452908e+07,-1.006988e+08,-1.586623e+06,9.388496e+07,3.635257e+07,-5.204242e+07,5.213679e+07,-1.359532e+08,-1.768744e+07,1.765436e+08,-1.862216e+08,8.611564e+07,8.325423e+07,-1.410735e+08,6.264634e+07,1.097667e+07,-1.213735e+07,5.874706e+07,-7.131839e+07,2.059756e+07,-8.707903e+07,1.489167e+08,6.808955e+06,-1.823427e+07,-1.345256e+08,1.987049e+08,-1.981339e+08,6.240248e+07,1.225349e+07,7.697631e+07,1.203902e+07,-1.776591e+08,2.107191e+08,-2.705642e+07,-4.626530e+07,-2.487875e+07,-7.909884e+07,4.338031e+07,3.610084e+07,-5.927746e+07,-5.202658e+07,1.218297e+08,-1.067064e+07,3.122766e+07,-1.924376e+07,8.948452e+07,-1.922373e+08,-3.138112e+07,1.107228e+08,-2.911406e+07,-1.078356e+07,6.115255e+07,-1.146390e+08,1.929582e+08,-1.915234e+08,2.278587e+07,1.197127e+08,-1.552156e+08,1.226972e+08,-1.024755e+08,1.562024e+08,-1.372143e+08,-4.569293e+07,1.324799e+08,-1.267619e+08,1.424834e+08,-1.268405e+08,2.858093e+07,1.483549e+08,-9.073970e+07,-3.069653e+07,9.632834e+07,-1.658428e+08,1.930745e+08,-1.068856e+08,1.184624e+07,4.811735e+07,-6.468132e+07,-1.953488e+07,1.588401e+08,-5.628656e+07,-3.031844e+07,-5.195781e+07,1.010249e+08,-1.093107e+08,2.846928e+07,8.630198e+07,-1.865308e+08,1.076953e+08,-6.295132e+07,-5.456470e+07,2.945607e+07,7.178486e+07,-1.002576e+08,1.244271e+08,-5.497702e+07,4.222580e+07,-2.413412e+06,-2.639610e+07,-4.386093e+07,1.787974e+08,-5.709263e+07,5.246742e+07,-2.455429e+07,-9.845980e+07,-5.441824e+07,2.480077e+07,1.465904e+08,-8.159074e+07,-3.224293e+07,1.084976e+08,-1.753861e+08,-2.505255e+07,5.653984e+07,1.600805e+08,-1.718720e+08,8.500912e+07,1.194078e+07,-8.645241e+07,1.551956e+08,-1.350172e+07,-1.410171e+08,-4.978993e+07,2.077432e+07,-6.833081e+06,7.463719e+07,3.306112e+06,3.539272e+07,7.222378e+07,-6.059880e+07,2.904061e+07,1.657948e+07,-1.552003e+08,1.190168e+08,-4.548362e+07,1.829040e+07,2.708980e+07,1.682596e+07,-1.070697e+08,-5.450094e+07,2.209185e+07,1.983608e+08,-1.923782e+08,-4.046951e+07,5.796780e+07,1.646350e+08,-2.123415e+08,1.429769e+08,-2.035701e+07,-6.435231e+07,6.373092e+07,-3.385873e+07,-8.436582e+06,1.394099e+07,-1.308441e+07,2.223915e+07,8.857818e+07,-9.778301e+06,2.012306e+07,-3.613087e+07,-1.078859e+08,8.667249e+07,
y[]:
6.461500e-01,3.654190e-01,3.218210e-01,2.317350e-01,2.506410e-01,3.606310e-01,3.630540e-01,3.461380e-01,2.466710e-01,2.485980e-01,2.377330e-01,2.346620e-01,2.556560e-01,3.878440e-01,2.967340e-01,2.251160e-01,2.097360e-01,2.144790e-01,3.743310e-01,3.760230e-01,3.990380e-01,3.897320e-01,3.119110e-01,2.536800e-01,4.076080e-01,3.024630e-01,3.953520e-01,2.966340e-01,3.981980e-01,4.103070e-01,3.011730e-01,3.525350e-01,2.930620e-01,4.094000e-01,4.128380e-01,3.826690e-01,3.196340e-01,2.398010e-01,2.382600e-01,4.202190e-01,3.761650e-01,3.150260e-01,2.311860e-01,2.347360e-01,3.751250e-01,4.166360e-01,3.077190e-01,4.036420e-01,4.047570e-01,2.926530e-01,4.097190e-01,3.794940e-01,2.846930e-01,4.279870e-01,3.795690e-01,4.100960e-01,2.983240e-01,2.398170e-01,2.507130e-01,3.823510e-01,3.001660e-01,3.808060e-01,2.980080e-01,2.425690e-01,4.073330e-01,3.693690e-01,3.889830e-01,3.080060e-01,2.348220e-01,3.489780e-01,3.879760e-01,2.913830e-01,4.095950e-01,3.858400e-01,3.732660e-01,3.572320e-01,3.052840e-01,3.736230e-01,3.661240e-01,3.592690e-01,3.681280e-01,2.674760e-01,3.884390e-01,3.101360e-01,3.755550e-01,4.188770e-01,2.729250e-01,3.479660e-01,3.113860e-01,2.074170e-01,3.671730e-01,3.725240e-01,3.089320e-01,2.101680e-01,3.999530e-01,2.856320e-01,3.466620e-01,3.104540e-01,2.207380e-01,3.695990e-01,3.486910e-01,3.844390e-01,4.112080e-01,3.949720e-01,2.863500e-01,2.348210e-01,2.503170e-01,2.542300e-01,2.323290e-01,2.263990e-01,3.496030e-01,2.676040e-01,2.287170e-01,3.906460e-01,2.694370e-01,2.501610e-01,3.798220e-01,2.977980e-01,2.935310e-01,2.515390e-01,3.928380e-01,2.883830e-01,2.132980e-01,2.102670e-01,3.242510e-01,3.953940e-01,3.106670e-01,2.491400e-01,3.893810e-01,2.957600e-01,3.799660e-01,3.991380e-01,3.189070e-01,2.280010e-01,4.015530e-01,2.964580e-01,2.231530e-01,3.519560e-01,3.105860e-01,4.235920e-01,3.961940e-01,2.875620e-01,1.998440e-01,3.854280e-01,2.860490e-01,4.013180e-01,2.881520e-01,2.038990e-01,3.758680e-01,2.583280e-01,3.604330e-01,2.688470e-01,2.141960e-01,3.971560e-01,2.987980e-01,2.094100e-01,3.731990e-01,2.816270e-01,3.534020e-01,3.566410e-01,3.636430e-01,3.710510e-01,3.106160e-01,1.391279e+00,9.862540e-01,2.739240e-01,2.005930e-01,4.125720e-01,4.024720e-01,3.658490e-01,2.997190e-01,3.624290e-01,3.926860e-01,3.023730e-01,3.824020e-01,2.675030e-01,2.135410e-01,3.574780e-01,2.941500e-01,2.416310e-01,3.902220e-01,2.995640e-01,2.289100e-01,2.214430e-01,3.597640e-01,3.151660e-01,2.259920e-01,3.655430e-01,2.880440e-01,3.610750e-01,2.888840e-01,2.451490e-01,2.277130e-01,3.968630e-01,4.060100e-01,4.022660e-01,2.904900e-01,3.873580e-01,3.736750e-01,3.588300e-01,4.159560e-01,2.542740e-01,2.143890e-01,2.397840e-01,3.740060e-01,3.991070e-01,2.913250e-01,3.710710e-01,3.743660e-01,3.676370e-01,3.519360e-01,3.021200e-01,3.591510e-01,3.795630e-01,3.477200e-01,2.699290e-01,3.601720e-01,3.410380e-01,2.320030e-01,3.736090e-01,3.117440e-01,3.661130e-01,3.853170e-01,2.688930e-01,2.280460e-01,3.598850e-01,3.853560e-01,3.093390e-01,2.065060e-01,3.728110e-01,2.960160e-01,2.177930e-01,3.665220e-01,3.858720e-01,3.503440e-01,4.142240e-01,2.949950e-01,3.489490e-01,3.976470e-01,3.600010e-01,3.662810e-01,3.518410e-01,3.585900e-01,3.680000e-01,2.691460e-01,2.132340e-01,4.071820e-01,3.861790e-01,3.617170e-01,3.097740e-01,3.702660e-01,3.593500e-01,2.664990e-01,2.333190e-01,3.730550e-01,3.105520e-01,3.739070e-01,2.730860e-01,2.094150e-01,4.035830e-01,2.843960e-01,3.900140e-01,3.643280e-01,3.051570e-01,3.490580e-01,3.084970e-01,3.748800e-01,2.763940e-01,3.929430e-01,3.776290e-01,3.104770e-01,3.652030e-01,2.709390e-01,4.169100e-01,2.700790e-01,3.725500e-01,2.652500e-01,2.112600e-01,3.727190e-01,3.957500e-01,2.981200e-01,2.396290e-01,2.337350e-01,3.705270e-01,3.695620e-01,4.078560e-01,3.082270e-01,3.730060e-01,3.828560e-01,2.938700e-01,2.392680e-01,3.770430e-01,3.844850e-01,3.578890e-01,4.008080e-01,2.867030e-01,3.528470e-01,3.867510e-01,2.923970e-01,2.114370e-01,3.399160e-01,2.589040e-01,4.501550e-01,4.078160e-01,3.087550e-01,2.348090e-01,3.677190e-01,3.680860e-01,3.065820e-01,3.746090e-01,3.209650e-01,2.377360e-01,3.936420e-01,4.182910e-01,2.781810e-01,2.343770e-01,2.562760e-01,2.327610e-01,3.770470e-01,3.049410e-01,2.558040e-01,3.745630e-01,3.770080e-01,3.923690e-01,3.856110e-01,3.969740e-01,2.998590e-01,2.548810e-01,2.378170e-01,4.155940e-01,3.172460e-01,2.315810e-01,3.581910e-01,3.199540e-01,3.644450e-01,3.527290e-01,3.946760e-01,3.748370e-01,2.837830e-01,3.829350e-01,3.773630e-01,3.527990e-01,3.104240e-01,2.039220e-01,2.247210e-01,2.497220e-01,3.854790e-01,3.156840e-01,3.934930e-01,2.976760e-01,2.364150e-01,4.061820e-01,3.621460e-01,3.506440e-01,3.037750e-01,3.850640e-01,2.985570e-01,2.452160e-01,2.430490e-01,3.646580e-01,3.765610e-01,3.048230e-01,2.352140e-01,2.264650e-01,3.648360e-01,3.413190e-01,3.089850e-01,4.156790e-01,3.107790e-01,2.125500e-01,2.174390e-01,3.851590e-01,3.101870e-01,2.202060e-01,3.855350e-01,3.101900e-01,3.939310e-01,4.187580e-01,2.657020e-01,2.271130e-01,4.303940e-01,3.078860e-01,3.464210e-01,2.521120e-01,3.644400e-01,3.512890e-01,3.671590e-01,3.084150e-01,2.117570e-01,2.141670e-01,2.099820e-01,3.846530e-01,3.678300e-01,3.108140e-01,2.144210e-01,2.206290e-01,3.563290e-01,3.299640e-01,2.434270e-01,2.295560e-01,3.641970e-01,3.630110e-01,3.638410e-01,2.576660e-01,3.905240e-01,2.556420e-01,2.093970e-01,2.001270e-01,3.714250e-01,3.970640e-01,2.756410e-01,3.677060e-01,3.086210e-01,3.934710e-01,3.662680e-01,3.539440e-01,2.601010e-01,2.253620e-01,4.093570e-01,3.765760e-01,3.972690e-01,3.668690e-01,3.107850e-01,2.091610e-01,2.127030e-01,2.141480e-01,3.874640e-01,3.624760e-01,3.650300e-01,2.676950e-01,4.038660e-01,2.702050e-01,2.198720e-01,2.284230e-01,3.528010e-01,3.816560e-01,2.645850e-01,2.327430e-01,3.616170e-01,3.894900e-01,3.579360e-01,3.096240e-01,2.230780e-01,3.533160e-01,4.019050e-01,3.846110e-01,3.505870e-01,3.978030e-01,2.685410e-01,2.219950e-01,2.147100e-01,2.209340e-01,2.185750e-01,3.325690e-01,2.698390e-01,3.521660e-01,4.145240e-01,3.896060e-01,4.036600e-01,3.886510e-01,2.759270e-01,2.021010e-01,3.818310e-01,2.708460e-01,3.310090e-01,3.774400e-01,3.651550e-01,3.867010e-01,3.092850e-01,4.012950e-01,2.697730e-01,3.512910e-01,3.107520e-01,2.044960e-01,3.884080e-01,3.664950e-01,3.453900e-01,3.974200e-01,3.069520e-01,3.487530e-01,2.666590e-01,3.908340e-01,3.944670e-01,2.642840e-01,2.116110e-01,3.697200e-01,3.094320e-01,3.891790e-01,3.611610e-01,3.844190e-01,2.711570e-01,4.117790e-01,3.914190e-01,2.722940e-01,2.297060e-01,3.573280e-01,3.134900e-01,2.061440e-01,3.740070e-01,3.804580e-01,3.409150e-01,2.653970e-01,2.073270e-01,2.203760e-01,2.047680e-01,2.180240e-01,3.765270e-01,2.609470e-01,3.680580e-01,3.122350e-01,3.699120e-01,2.687020e-01,3.994160e-01,3.750140e-01,3.612330e-01,3.837820e-01,2.675020e-01,3.623600e-01,3.095050e-01,3.481890e-01,3.098620e-01,2.052280e-01,2.031040e-01,4.114530e-01,2.678970e-01,2.305170e-01,2.243900e-01,2.094890e-01,2.224300e-01,2.285510e-01,2.091940e-01,3.468330e-01,3.879310e-01,2.598550e-01,2.154950e-01,9.923600e-02,2.250160e-01,2.099270e-01,3.764210e-01,3.811310e-01,3.899560e-01,3.540830e-01,2.713650e-01,3.659990e-01,2.756660e-01,2.227830e-01,2.156470e-01,2.155380e-01,3.693170e-01,3.100160e-01,3.919910e-01,3.523130e-01,4.015200e-01,3.110580e-01,3.730170e-01,2.680290e-01,3.813500e-01,2.660100e-01,2.058440e-01,3.661800e-01,3.085640e-01,2.143520e-01,2.049190e-01,2.141090e-01,2.102600e-01,2.122930e-01,3.739900e-01,3.507370e-01,3.605250e-01,3.879590e-01,3.370970e-01,4.113860e-01,3.114360e-01,3.886110e-01,3.465060e-01,4.071420e-01,3.718120e-01,3.531710e-01,4.085630e-01,2.687410e-01,2.045540e-01,1.972010e-01,2.119160e-01,2.113050e-01,3.737370e-01,3.391040e-01,3.405420e-01,2.651170e-01,3.527400e-01,4.150130e-01,3.508720e-01,2.610630e-01,2.099620e-01,2.016860e-01,1.986340e-01,2.173330e-01,3.617640e-01,3.422550e-01,3.114470e-01,2.157670e-01,3.809900e-01,3.088360e-01,2.165010e-01,2.161540e-01,3.907700e-01,2.684020e-01,3.569280e-01,3.802740e-01,3.090920e-01,3.516410e-01,3.650230e-01,3.095860e-01,2.187180e-01,3.956860e-01,4.049000e-01,2.705270e-01,3.396810e-01,3.616080e-01,3.133760e-01,3.659760e-01,2.737630e-01,3.900650e-01,3.080120e-01,3.792610e-01,3.482050e-01,3.486570e-01,3.566220e-01,3.133420e-01,3.801320e-01,3.889290e-01,3.096680e-01,3.663690e-01,3.509390e-01,3.112630e-01,4.078410e-01,2.652680e-01,4.224510e-01,3.900320e-01,3.617520e-01,2.631940e-01,4.186880e-01,3.458590e-01,3.740270e-01,3.592370e-01,4.015980e-01,3.091850e-01,3.575910e-01,2.670090e-01,3.567520e-01,2.747710e-01,2.227590e-01,2.148360e-01,2.167930e-01,2.085990e-01,3.754560e-01,3.631920e-01,3.091740e-01,2.101520e-01,2.124530e-01,3.960880e-01,3.644450e-01,2.673180e-01,2.205060e-01,3.420250e-01,3.600070e-01,3.763640e-01,3.805580e-01,3.726270e-01,3.940700e-01,4.130990e-01,3.673170e-01,3.631050e-01,3.888570e-01,3.452480e-01,3.473090e-01,3.106910e-01,3.502760e-01,3.745690e-01,3.617090e-01,4.099110e-01,3.133840e-01,4.947990e-01,3.979110e-01,3.062380e-01,3.649590e-01,3.818550e-01,4.070310e-01,3.655650e-01,2.736910e-01,5.287840e-01,3.945090e-01,3.670590e-01,3.089640e-01,3.827130e-01,3.101530e-01,3.920440e-01,3.904390e-01,4.110060e-01,4.069610e-01,2.696990e-01,3.556150e-01,2.727430e-01,3.489170e-01,2.637060e-01,3.506670e-01,2.588380e-01,3.600060e-01,2.656980e-01,2.075660e-01,3.819770e-01,3.549840e-01,3.977070e-01,3.107490e-01,2.099190e-01,1.947490e-01,2.129980e-01,4.169120e-01,3.492860e-01,3.371460e-01,3.883710e-01,3.682110e-01,3.532940e-01,2.656440e-01,2.098610e-01,2.151260e-01,3.757300e-01,3.757630e-01,3.099540e-01,2.036660e-01,3.588910e-01,2.724980e-01,2.178680e-01,2.123100e-01,2.150460e-01,3.642130e-01,3.112060e-01,3.508220e-01,3.626700e-01,3.087930e-01,3.596530e-01,2.753670e-01,3.810660e-01,3.828770e-01,3.797190e-01,3.159670e-01,2.091730e-01,3.621700e-01,3.790910e-01,2.675730e-01,2.049460e-01,3.863870e-01,3.357770e-01,3.631310e-01,3.113400e-01,4.080380e-01,3.971890e-01,3.917650e-01,3.703440e-01,3.793570e-01,2.653420e-01,3.509420e-01,3.998080e-01,3.691650e-01,3.779590e-01,3.592450e-01,2.689120e-01,3.752520e-01,3.872450e-01,3.827800e-01,3.711380e-01,3.696080e-01,3.873580e-01,3.070810e-01,3.803220e-01,2.648030e-01,3.749630e-01,2.711230e-01,2.223650e-01,3.604370e-01,3.096910e-01,2.182310e-01,3.683800e-01,3.999530e-01,3.775780e-01,3.667110e-01,2.676620e-01,3.689940e-01,2.573790e-01,2.072330e-01,2.111590e-01,3.647970e-01,2.629260e-01,2.079530e-01,3.670450e-01,3.111680e-01,4.007330e-01,3.878150e-01,3.925900e-01,2.697460e-01,2.177420e-01,3.618590e-01,3.656350e-01,2.745500e-01,3.543650e-01,2.632290e-01,4.020290e-01,2.589870e-01,2.281250e-01,3.925500e-01,2.757240e-01,2.159950e-01,3.487420e-01,3.795960e-01,2.677930e-01,3.532410e-01,2.676250e-01,2.155140e-01,4.020690e-01,3.453390e-01,3.100000e-01,2.101780e-01,2.025080e-01,2.090140e-01,2.047960e-01,2.028920e-01,2.150610e-01,3.533930e-01,3.811750e-01,3.806890e-01,3.120560e-01,3.763430e-01,3.492760e-01,3.352200e-01,3.523330e-01,2.665640e-01,3.527260e-01,4.103960e-01,3.967000e-01,3.771440e-01,2.675860e-01,2.042720e-01,3.606560e-01,2.691150e-01,3.551780e-01,2.564130e-01,2.104890e-01,2.225170e-01,3.666460e-01,4.062240e-01,3.568240e-01,2.647300e-01,2.090210e-01,3.531670e-01,2.612270e-01,3.523250e-01,3.120810e-01,3.797440e-01,3.855590e-01,2.593820e-01,2.052800e-01,2.200040e-01,2.272510e-01,2.142850e-01,2.118750e-01,2.139260e-01,3.428630e-01,3.467940e-01,4.170990e-01,3.846440e-01,3.502390e-01,3.076200e-01,3.127420e-01,3.955750e-01,3.544740e-01,2.675630e-01,3.566010e-01,3.593330e-01,2.651770e-01,3.576030e-01,3.945730e-01,3.760780e-01,3.108730e-01,3.815530e-01,3.066720e-01,2.067480e-01,3.647270e-01,3.632060e-01,3.649470e-01,3.101840e-01,3.861980e-01,3.089700e-01,2.080940e-01,2.102110e-01,2.156040e-01,3.700080e-01,3.958910e-01,3.718580e-01,2.687250e-01,2.184040e-01,2.028430e-01,3.513820e-01,3.528040e-01,3.766500e-01,3.870780e-01,2.655930e-01,2.088990e-01,3.636570e-01,4.074330e-01,3.749990e-01,3.101500e-01,3.876520e-01,2.594680e-01,3.528860e-01,3.737410e-01,2.734220e-01,3.668720e-01,2.750020e-01,2.279660e-01,2.074180e-01,3.616440e-01,3.813260e-01,3.889540e-01,3.820500e-01,3.772210e-01,3.655790e-01,3.921210e-01,4.060470e-01,3.097040e-01,3.493670e-01,2.694150e-01,3.462480e-01,3.672900e-01,3.823270e-01,2.727970e-01,3.737920e-01,3.445490e-01,3.720700e-01,2.683460e-01,2.061080e-01,4.128770e-01,2.800710e-01,3.548740e-01,3.669350e-01,3.086310e-01,2.194280e-01,3.331540e-01,3.938310e-01,3.621280e-01,2.670830e-01,2.203020e-01,3.919770e-01,2.927760e-01,2.024330e-01,2.175070e-01,4.084960e-01,3.599820e-01,2.709850e-01,2.076400e-01,3.609860e-01,2.572120e-01,3.643180e-01,2.688720e-01,2.137950e-01,3.781150e-01,3.655360e-01,3.468220e-01,3.483150e-01,3.700030e-01,3.098640e-01,3.852910e-01,3.103380e-01,2.051840e-01,3.698300e-01,3.605720e-01,3.100450e-01,2.117300e-01,1.941900e-01,3.827130e-01,3.107490e-01,2.162060e-01,2.012620e-01,3.399500e-01,3.067610e-01,2.159900e-01,3.670260e-01,2.747500e-01,3.625130e-01,2.605200e-01,3.899540e-01,3.613680e-01,4.312780e-01,4.030670e-01,4.163430e-01,3.457430e-01,2.691490e-01,3.910030e-01,3.105610e-01,3.965500e-01,3.097150e-01,2.085950e-01,

Regression parameters
Slope (bjmp):-2.061983e-10
Intercept (ajmp):3.390585e-01

