
Start time (time):1456783728258715159

Carving statistics:

carv-start-time,carv-file-no,carv-start-blk,carv-stop-time,carv-stop-blk,file-len-in-blocks,total-carved-blks,total-blks-processed
---------------------------------------------------------------------------------------------------------------------------------
Calculating time of sequentially reading 100000 512-byte blocks and checking each block for JPEG signature.
Nblocks, Start time, Finish time (in process timer ticks):
-------------------------------------------------

Calcluating regression for the linear test...
---
x[]:
1.000000e+00,1.000010e+05,2.000010e+05,3.000010e+05,4.000010e+05,5.000010e+05,6.000010e+05,7.000010e+05,8.000010e+05,9.000010e+05,
y[]:
3.220000e-04,1.080173e+02,1.128925e+02,1.204599e+02,1.513701e+02,1.589353e+02,1.732500e+02,1.791173e+02,1.865539e+02,1.918794e+02,

Regression parameters
Slope (blin):1.681047e-04
Intercept (alin):6.260036e+01


Calculating time of 1000 random block accesses. For each block a LIBLINEAR test for JPEG data is included into the timing.
Distance jumped (+/-), start time, finish time (in process timer ticks):
--------------------------------------------------

Calcluating regression for the jump test...
---
x[]:
4.610800e+05,-1.155400e+04,-1.392460e+05,5.355740e+05,-5.428710e+05,4.349150e+05,-5.495880e+05,2.562060e+05,1.683920e+05,-1.221500e+05,-7.523300e+04,-4.139650e+05,7.382460e+05,-5.048450e+05,2.457920e+05,1.624930e+05,-2.538510e+05,-2.446730e+05,2.176480e+05,4.119530e+05,2.549500e+04,1.185700e+04,-5.982500e+04,-4.641380e+05,4.606220e+05,-5.671500e+04,-5.711390e+05,-3.638000e+04,6.144560e+05,-3.572100e+04,-6.538330e+05,1.693710e+05,3.398700e+04,1.069220e+05,-2.763170e+05,4.723780e+05,-4.394260e+05,1.553580e+05,6.473230e+05,-2.710350e+05,1.144710e+05,-4.091740e+05,2.962630e+05,-1.285460e+05,-1.401800e+04,-2.766840e+05,3.394800e+04,6.321310e+05,-6.026190e+05,3.328580e+05,1.440830e+05,-5.771230e+05,3.447140e+05,2.996000e+03,-1.412600e+05,-1.340300e+04,-5.371900e+04,1.063400e+05,-4.978200e+04,-3.392650e+05,1.518810e+05,1.963860e+05,-2.511550e+05,1.858680e+05,3.033080e+05,-4.462110e+05,5.769840e+05,-1.361180e+05,-2.908530e+05,3.243060e+05,-3.258900e+05,-1.763830e+05,-8.486800e+04,-2.962700e+04,5.950730e+05,-9.888700e+04,-3.875720e+05,6.290200e+05,-3.667570e+05,-8.928000e+03,6.187700e+04,-2.226730e+05,2.326870e+05,4.065920e+05,-2.196780e+05,1.726890e+05,-5.880740e+05,-1.921340e+05,1.977670e+05,3.434060e+05,2.873400e+05,-4.690910e+05,4.585310e+05,-7.825550e+05,6.167780e+05,-2.194240e+05,-2.475030e+05,2.937620e+05,-3.555430e+05,2.803840e+05,-2.006720e+05,2.185680e+05,1.040010e+05,-3.668010e+05,1.889410e+05,-2.009280e+05,4.343130e+05,-1.173690e+05,3.468300e+05,-7.511820e+05,6.924410e+05,-4.100310e+05,-1.551170e+05,2.512800e+04,-3.440000e+03,6.064680e+05,-7.834460e+05,3.897490e+05,3.330720e+05,-5.044170e+05,-2.481070e+05,7.016740e+05,-7.350700e+04,2.104230e+05,-8.088100e+04,-4.379920e+05,-9.001000e+03,-3.283830e+05,7.557700e+05,-2.832820e+05,-4.799900e+04,-4.261640e+05,8.352870e+05,5.600100e+04,-7.117030e+05,4.296500e+04,-1.449260e+05,7.038720e+05,-7.440400e+04,-6.980970e+05,7.714290e+05,-2.819640e+05,-2.081270e+05,-2.024270e+05,6.431650e+05,-2.115670e+05,3.227800e+05,-5.901900e+04,9.692000e+04,-1.628880e+05,-5.634360e+05,-1.511870e+05,4.575240e+05,2.630580e+05,5.923600e+04,-4.420950e+05,-2.561960e+05,1.314960e+05,4.826100e+04,5.808360e+05,-2.330480e+05,8.152400e+04,1.546720e+05,-3.790240e+05,2.187870e+05,-6.382930e+05,6.452040e+05,-7.401000e+03,6.558000e+04,-3.292020e+05,2.757660e+05,-6.299300e+04,-6.111650e+05,-1.362400e+04,7.158440e+05,3.199900e+04,-2.251900e+05,5.736000e+04,-2.702000e+04,-1.282700e+05,-2.426600e+04,2.282840e+05,-1.981960e+05,4.332590e+05,-4.086600e+05,-2.202220e+05,-8.836000e+03,3.164070e+05,-8.872600e+04,3.942500e+04,-8.401900e+04,-3.217750e+05,1.209490e+05,7.065300e+04,2.804650e+05,2.584730e+05,-5.676390e+05,2.566700e+04,3.323350e+05,-5.020600e+05,5.964670e+05,-3.731630e+05,4.162100e+05,-1.469800e+04,-4.680490e+05,2.320530e+05,1.730100e+04,2.880240e+05,-6.105880e+05,-9.098000e+04,2.410150e+05,2.651480e+05,1.373030e+05,-3.844300e+04,-2.015940e+05,-1.900950e+05,-2.586650e+05,6.083090e+05,1.263130e+05,-3.473920e+05,-2.522670e+05,4.229400e+04,3.120970e+05,-1.313190e+05,1.129470e+05,-3.887010e+05,1.271540e+05,5.265710e+05,-3.630340e+05,-4.405120e+05,2.451100e+04,1.521710e+05,8.632600e+04,4.407220e+05,1.374720e+05,-3.004600e+05,-2.272270e+05,7.351200e+04,-1.243700e+04,1.434490e+05,-1.746900e+04,1.473170e+05,-4.101430e+05,1.198340e+05,2.761200e+04,2.882640e+05,-7.026100e+04,-1.497900e+05,-3.429000e+03,5.605200e+04,3.215570e+05,-1.744340e+05,9.834600e+04,-2.663470e+05,-3.870150e+05,2.112940e+05,2.449520e+05,-1.785990e+05,-2.433980e+05,-1.180810e+05,2.808900e+05,-2.188870e+05,1.153510e+05,3.672160e+05,2.218350e+05,-6.471770e+05,-1.450700e+04,7.587000e+04,3.263360e+05,-2.694300e+04,2.193180e+05,-6.723960e+05,1.203740e+05,7.091760e+05,-4.713000e+05,1.479860e+05,9.743900e+04,-5.415610e+05,-8.306600e+04,9.401000e+04,4.144930e+05,3.197530e+05,-8.042500e+04,-4.684240e+05,5.340600e+04,4.325610e+05,-1.758680e+05,-6.016420e+05,2.539620e+05,4.807350e+05,-7.197240e+05,5.348520e+05,1.805860e+05,-6.043730e+05,2.067000e+03,4.836830e+05,-4.328110e+05,6.882300e+04,5.595520e+05,-1.064750e+05,-3.938200e+04,-3.986800e+04,3.986700e+04,1.622540e+05,-3.119550e+05,-3.501710e+05,2.289780e+05,-1.332530e+05,-7.299300e+04,2.271740e+05,-3.924400e+04,3.415000e+05,-3.530740e+05,-2.009300e+05,-4.566300e+04,5.190710e+05,-5.871080e+05,5.972090e+05,-1.310000e+03,-4.144080e+05,1.779430e+05,1.789670e+05,1.204440e+05,-4.602100e+05,3.933340e+05,2.037730e+05,2.347200e+04,-3.947700e+04,-7.086670e+05,6.642860e+05,-2.272130e+05,2.332130e+05,-3.568450e+05,-1.060840e+05,3.142050e+05,-5.875370e+05,3.624840e+05,-3.568190e+05,1.792110e+05,3.707530e+05,-1.296450e+05,5.870500e+04,-1.064860e+05,3.360200e+05,-6.096300e+04,-1.521490e+05,-4.490900e+04,1.706680e+05,-3.736800e+05,-1.274810e+05,-1.624780e+05,6.230020e+05,5.148700e+04,3.922800e+04,1.627910e+05,-5.364420e+05,2.430010e+05,2.675250e+05,-5.759190e+05,4.343350e+05,-4.945100e+04,9.686800e+04,-2.324530e+05,-4.062960e+05,7.204700e+04,4.890000e+02,-9.383200e+04,5.157930e+05,-3.563300e+05,8.537900e+04,-1.345500e+04,4.140270e+05,-7.559170e+05,6.987970e+05,-1.499540e+05,8.312100e+04,-2.720910e+05,-2.761250e+05,3.350510e+05,1.729690e+05,-4.036060e+05,1.725730e+05,-1.040310e+05,5.478820e+05,-6.882000e+05,1.400230e+05,1.143900e+04,3.735400e+05,-4.924530e+05,3.355210e+05,-1.086400e+04,2.768350e+05,-3.863490e+05,-3.245800e+05,-4.819800e+04,5.044360e+05,-2.428290e+05,-1.420300e+05,3.896600e+04,3.821040e+05,-1.379120e+05,2.551000e+04,-1.038700e+05,8.743400e+04,-1.756940e+05,6.461780e+05,-8.107090e+05,4.522160e+05,3.700530e+05,-4.756570e+05,-2.748170e+05,4.770900e+04,5.969170e+05,-3.788470e+05,-3.856730e+05,8.087180e+05,-1.575620e+05,-3.742340e+05,2.009950e+05,2.499860e+05,-3.871200e+04,-6.286090e+05,5.268220e+05,-4.250620e+05,-1.344500e+05,5.598860e+05,-1.888000e+03,-2.960170e+05,3.365940e+05,1.183400e+05,8.608700e+04,-7.013190e+05,1.438500e+05,-9.904400e+04,2.861150e+05,4.941800e+04,-3.528670e+05,3.754080e+05,-3.983680e+05,-6.407600e+04,-1.898700e+04,1.455550e+05,-1.636700e+04,5.779290e+05,-1.520300e+05,-4.020400e+05,4.053840e+05,-3.095920e+05,1.237280e+05,-2.123610e+05,-5.960600e+04,8.501600e+04,-2.223100e+04,5.484780e+05,-4.213080e+05,-7.541900e+04,1.271010e+05,-3.419340e+05,4.473030e+05,-3.550430e+05,6.764060e+05,-3.666110e+05,-1.563610e+05,-1.610070e+05,4.343460e+05,1.297550e+05,-1.115900e+05,8.147900e+04,-3.135760e+05,3.087810e+05,9.866600e+04,-4.138260e+05,-3.644030e+05,8.229900e+04,1.641030e+05,3.835680e+05,-3.197410e+05,4.882250e+05,-7.447630e+05,6.227260e+05,-5.428750e+05,1.437100e+04,-1.109980e+05,3.348950e+05,-3.371520e+05,3.676950e+05,1.782140e+05,-1.287880e+05,-5.550200e+04,-1.932220e+05,4.161700e+05,-3.603590e+05,3.401680e+05,2.598090e+05,-4.401040e+05,-1.254860e+05,3.083010e+05,-4.704320e+05,-4.400700e+04,-5.275000e+03,7.383510e+05,5.465800e+04,-5.003630e+05,3.739480e+05,1.369570e+05,-2.549980e+05,-1.424840e+05,-2.640460e+05,3.144880e+05,-6.850800e+04,-4.600590e+05,5.903520e+05,2.712500e+04,-5.710560e+05,-5.601700e+04,5.899750e+05,-2.033620e+05,2.034590e+05,-4.388140e+05,6.411380e+05,1.023600e+04,-1.039060e+05,-5.379600e+05,2.691430e+05,1.559020e+05,-7.806200e+04,2.249180e+05,-4.357970e+05,2.702440e+05,1.809110e+05,-4.410720e+05,1.085940e+05,2.355700e+05,3.982800e+04,-4.174590e+05,3.725260e+05,-2.964320e+05,4.213200e+05,1.084800e+05,-6.320500e+04,-5.471900e+05,-2.703160e+05,4.458840e+05,3.799370e+05,5.862800e+04,-4.288710e+05,-1.135200e+04,-1.447340e+05,-1.441500e+05,3.685730e+05,-3.223350e+05,6.848260e+05,-5.540730e+05,-4.155500e+04,1.352290e+05,4.205680e+05,-1.196170e+05,-5.398540e+05,-1.522900e+04,2.318890e+05,-3.589430e+05,3.624390e+05,4.217450e+05,-1.233740e+05,-4.977340e+05,4.286000e+03,2.491530e+05,2.457200e+04,-4.743950e+05,3.576330e+05,-3.863300e+04,-1.215840e+05,8.731700e+04,4.885140e+05,-6.416490e+05,1.459450e+05,-2.161900e+04,3.282620e+05,-8.005000e+04,-8.450800e+04,-2.031660e+05,4.976160e+05,-3.809450e+05,1.427620e+05,-4.439400e+05,6.542850e+05,-3.366700e+05,4.177050e+05,-7.855700e+05,5.481020e+05,-2.504060e+05,-2.445120e+05,1.053900e+04,1.713390e+05,4.508530e+05,-4.871950e+05,1.756250e+05,-1.999950e+05,4.373790e+05,-2.175090e+05,1.576390e+05,-5.012560e+05,5.609080e+05,1.636940e+05,-1.274200e+04,-8.074000e+04,-5.903620e+05,4.690000e+04,1.662600e+05,3.108510e+05,-1.188690e+05,4.435600e+04,-9.153500e+04,4.001870e+05,-7.941450e+05,3.645270e+05,2.357330e+05,-2.308150e+05,-1.177690e+05,2.689020e+05,3.172880e+05,-3.681760e+05,1.056520e+05,-5.721740e+05,6.219020e+05,-3.434950e+05,-1.593680e+05,-2.121300e+04,3.565110e+05,2.780110e+05,-2.387220e+05,-4.671130e+05,6.767560e+05,-5.778140e+05,6.778440e+05,-2.359870e+05,1.601840e+05,8.748200e+04,-1.890870e+05,-4.922950e+05,3.983330e+05,-3.079560e+05,3.708000e+05,-5.932030e+05,9.223200e+04,5.579180e+05,-2.286770e+05,2.467030e+05,-5.728980e+05,5.535560e+05,-3.031350e+05,-2.556100e+05,1.853800e+05,-2.787440e+05,7.221700e+04,-1.145700e+04,2.777610e+05,-8.715100e+04,-1.139320e+05,-1.844670e+05,1.908600e+05,4.660860e+05,-6.515800e+05,8.676150e+05,-3.046600e+04,-5.499800e+04,-1.871110e+05,1.297180e+05,3.248400e+04,-4.574590e+05,-2.813160e+05,4.308170e+05,5.332400e+04,8.948500e+04,-8.112500e+04,1.455560e+05,-2.525980e+05,-3.910630e+05,4.735200e+05,7.450500e+04,1.624930e+05,-7.296150e+05,6.376340e+05,-5.521290e+05,-2.709600e+04,7.098510e+05,-6.448480e+05,3.319270e+05,-3.585630e+05,2.224840e+05,6.619700e+04,-1.677030e+05,-1.301690e+05,2.333560e+05,-1.188270e+05,6.581040e+05,-6.403810e+05,5.128020e+05,-1.121800e+05,-5.266350e+05,5.534300e+04,4.252430e+05,-9.581800e+04,1.899290e+05,-3.852730e+05,-2.582040e+05,3.354850e+05,3.433910e+05,-6.492670e+05,8.090050e+05,-5.633660e+05,4.132260e+05,7.939000e+04,7.426800e+04,-5.764100e+04,5.229400e+04,-1.158820e+05,1.162510e+05,-5.157810e+05,4.255560e+05,-4.800040e+05,3.691560e+05,-5.608870e+05,2.898280e+05,-3.787510e+05,2.202870e+05,4.793100e+04,-3.786800e+04,-1.669130e+05,-6.424900e+04,2.542360e+05,-1.115700e+05,4.422560e+05,1.584190e+05,-2.903000e+03,1.382450e+05,-1.810480e+05,-4.861570e+05,4.003740e+05,1.509480e+05,-5.771530e+05,-1.629920e+05,4.829120e+05,-4.977620e+05,8.112760e+05,-4.747300e+05,4.545330e+05,-2.046070e+05,-2.772170e+05,-1.425090e+05,3.022100e+05,1.427800e+05,2.266470e+05,-2.586770e+05,-5.486550e+05,8.291590e+05,-1.196510e+05,-4.194630e+05,-1.899720e+05,6.946990e+05,-5.649740e+05,6.426500e+04,-2.356100e+05,7.772830e+05,-6.773180e+05,5.802260e+05,1.552700e+04,4.163500e+04,-7.246700e+05,4.159010e+05,1.925830e+05,-4.830840e+05,2.529100e+05,-2.245070e+05,4.170000e+02,1.641850e+05,2.007640e+05,-4.450500e+05,-4.042200e+04,-7.645300e+04,3.124410e+05,2.617880e+05,-1.493500e+04,-3.609130e+05,3.112000e+03,4.176730e+05,-5.130180e+05,-3.527700e+04,-8.305200e+04,1.970120e+05,-2.405800e+05,2.519760e+05,3.425380e+05,-5.574520e+05,2.105200e+05,4.839590e+05,1.040360e+05,-6.739540e+05,5.255940e+05,-6.206340e+05,5.606860e+05,-1.818240e+05,-1.224540e+05,-8.640600e+04,4.936700e+05,-2.032990e+05,1.590420e+05,-2.055680e+05,2.516520e+05,3.735800e+04,-2.007590e+05,-4.171700e+05,2.991460e+05,-2.156930e+05,1.219170e+05,3.835200e+05,1.207180e+05,-3.098380e+05,2.669800e+05,3.766600e+04,-3.156400e+04,2.640100e+04,-6.103600e+05,3.109740e+05,2.876880e+05,-3.998400e+05,-2.380600e+04,3.917250e+05,-2.550560e+05,-3.982130e+05,6.710920e+05,-5.131080e+05,3.199630e+05,-4.326250e+05,3.817490e+05,-8.636800e+04,2.640780e+05,-4.404730e+05,-2.106740e+05,4.344680e+05,-3.218530e+05,4.073070e+05,1.729800e+04,5.855500e+04,1.103510e+05,-6.795240e+05,3.608130e+05,3.123310e+05,-8.936100e+04,-3.534690e+05,4.312580e+05,-2.021870e+05,-2.458060e+05,-1.791010e+05,2.752400e+04,4.188200e+04,4.023220e+05,-7.754400e+04,-3.851320e+05,1.472670e+05,4.242430e+05,-6.140400e+05,4.528970e+05,-7.453300e+04,-2.279260e+05,1.590700e+04,-2.421630e+05,1.174140e+05,3.941740e+05,-4.528370e+05,6.331440e+05,-8.942000e+03,3.573200e+04,-3.308210e+05,1.308750e+05,6.482100e+04,-2.908200e+04,-4.895740e+05,4.584130e+05,-1.997040e+05,1.382190e+05,-1.033000e+04,-4.018910e+05,7.111520e+05,-1.894310e+05,-3.743660e+05,-6.570600e+04,1.316300e+05,5.293520e+05,-5.320990e+05,2.788960e+05,5.359500e+04,-2.461390e+05,-8.694600e+04,-2.093800e+04,4.259360e+05,-1.523010e+05,-2.631000e+05,-2.753890e+05,2.418720e+05,1.840640e+05,2.764930e+05,-6.670700e+05,2.197950e+05,2.693400e+04,3.638060e+05,-6.153850e+05,-8.341000e+04,7.742330e+05,-7.571000e+04,-2.831140e+05,1.245100e+04,-1.673020e+05,2.149970e+05,-1.763990e+05,5.432690e+05,-7.810800e+04,-2.421040e+05,-2.251030e+05,3.699820e+05,1.257980e+05,5.379300e+04,-3.951620e+05,-1.203410e+05,-3.315300e+04,4.026400e+05,-5.131450e+05,6.332850e+05,-6.791990e+05,3.020500e+04,-2.484300e+04,4.861270e+05,-5.933030e+05,2.080880e+05,-1.940790e+05,2.523700e+05,5.718940e+05,-8.094640e+05,2.502230e+05,4.461260e+05,1.482600e+04,-1.141530e+05,-4.414240e+05,-1.524760e+05,1.821060e+05,2.821790e+05,-5.092090e+05,2.273600e+04,4.007500e+04,1.656890e+05,4.739810e+05,-7.341290e+05,2.194820e+05,7.881900e+04,4.553100e+04,1.863290e+05,-4.185420e+05,3.511250e+05,-8.038600e+04,-1.977410e+05,4.625930e+05,-1.052300e+05,2.883860e+05,-1.307100e+05,1.028580e+05,1.304500e+04,-7.783400e+05,7.560130e+05,-7.964190e+05,2.906220e+05,3.021380e+05,1.184080e+05,-6.422700e+05,7.607160e+05,-1.153300e+05,-3.789020e+05,6.163100e+04,3.567240e+05,-3.561660e+05,1.017060e+05,-3.775870e+05,1.178140e+05,1.863160e+05,-7.684300e+04,1.153720e+05,2.318460e+05,1.094870e+05,-3.031710e+05,-2.357680e+05,2.910100e+04,3.990900e+05,-6.731770e+05,8.238720e+05,-2.125250e+05,1.485300e+04,2.672800e+04,-1.994790e+05,1.365130e+05,-1.172600e+05,-9.589700e+04,
y[]:
1.022823e+00,3.674320e-01,3.578300e-01,3.755120e-01,3.997140e-01,3.839520e-01,2.706750e-01,4.094370e-01,3.680600e-01,3.956460e-01,3.096400e-01,1.968510e-01,3.887050e-01,3.570240e-01,3.447150e-01,3.590090e-01,3.816010e-01,3.088680e-01,3.897570e-01,3.639600e-01,3.795210e-01,3.561350e-01,3.898180e-01,3.930330e-01,3.644580e-01,3.984540e-01,2.714810e-01,2.190040e-01,3.496400e-01,3.744140e-01,2.653030e-01,2.258450e-01,3.767590e-01,3.666000e-01,3.703700e-01,3.743320e-01,2.605360e-01,3.807480e-01,3.860620e-01,3.927380e-01,3.508410e-01,2.732070e-01,3.944160e-01,3.931800e-01,3.566790e-01,3.096010e-01,3.677490e-01,3.660870e-01,3.554550e-01,3.795620e-01,3.958490e-01,3.112780e-01,3.758490e-01,3.575510e-01,2.729720e-01,3.710000e-01,4.131800e-01,3.130410e-01,3.659580e-01,2.626250e-01,2.161590e-01,2.059580e-01,2.228640e-01,3.910060e-01,3.719150e-01,3.092970e-01,3.587300e-01,3.749920e-01,3.650060e-01,3.729870e-01,2.557160e-01,2.059760e-01,4.083580e-01,2.677970e-01,4.077270e-01,4.024250e-01,3.555460e-01,3.650520e-01,3.095200e-01,2.240810e-01,2.044360e-01,3.573630e-01,3.437200e-01,3.673490e-01,3.718570e-01,3.921810e-01,4.090540e-01,3.772260e-01,3.846050e-01,3.472730e-01,3.444830e-01,2.714060e-01,3.526770e-01,3.125290e-01,3.527280e-01,3.675500e-01,2.739620e-01,3.803330e-01,2.682130e-01,2.078640e-01,1.231200e-02,3.730040e-01,3.657690e-01,3.081430e-01,3.683630e-01,2.622510e-01,3.571400e-01,3.731800e-01,3.529160e-01,2.728420e-01,3.538420e-01,2.573030e-01,3.755470e-01,4.117150e-01,3.611460e-01,3.653450e-01,3.133460e-01,3.574810e-01,3.941210e-01,4.058560e-01,3.741930e-01,4.113060e-01,4.130550e-01,3.269630e-01,3.777410e-01,3.626220e-01,3.640310e-01,3.100590e-01,3.656590e-01,3.467020e-01,2.658350e-01,2.130470e-01,3.868120e-01,3.971050e-01,2.705520e-01,3.872940e-01,3.092470e-01,3.924800e-01,3.979640e-01,2.672470e-01,3.718150e-01,3.676450e-01,4.121470e-01,2.630060e-01,3.621540e-01,3.535420e-01,3.421690e-01,3.769070e-01,3.733200e-01,3.625300e-01,3.103480e-01,2.121850e-01,3.707810e-01,3.751240e-01,3.610170e-01,3.417960e-01,2.752800e-01,3.835710e-01,4.057610e-01,5.379960e-01,3.680630e-01,4.077550e-01,3.496290e-01,3.960230e-01,3.822300e-01,2.741330e-01,3.805790e-01,3.684140e-01,4.189560e-01,2.613350e-01,3.642410e-01,3.526590e-01,3.771380e-01,2.735140e-01,3.605700e-01,3.782770e-01,3.788120e-01,3.506000e-01,3.865190e-01,3.281430e-01,2.720500e-01,3.689130e-01,3.656180e-01,3.115330e-01,3.875180e-01,3.616720e-01,3.944270e-01,4.001340e-01,3.699650e-01,3.573620e-01,3.084870e-01,2.113130e-01,4.394670e-01,3.950270e-01,3.829920e-01,3.683600e-01,4.096860e-01,4.101180e-01,3.734230e-01,3.068980e-01,3.388740e-01,3.579810e-01,3.640660e-01,3.669160e-01,4.424710e-01,3.600100e-01,3.816500e-01,3.667910e-01,2.707260e-01,3.765910e-01,3.463690e-01,3.690390e-01,3.530820e-01,4.153550e-01,3.788510e-01,3.770220e-01,2.630880e-01,3.761890e-01,3.640020e-01,3.655980e-01,3.096030e-01,3.799500e-01,3.469080e-01,3.094400e-01,3.740840e-01,3.089100e-01,3.630770e-01,3.374420e-01,3.077230e-01,2.116850e-01,3.654240e-01,2.668310e-01,4.178090e-01,3.509960e-01,3.514260e-01,4.029200e-01,2.682810e-01,3.621410e-01,3.083580e-01,3.762970e-01,3.453030e-01,3.875530e-01,3.602690e-01,2.651170e-01,3.938910e-01,3.628910e-01,3.088310e-01,4.044990e-01,3.774240e-01,3.636400e-01,3.671620e-01,3.545310e-01,3.883760e-01,3.676450e-01,2.618340e-01,3.867270e-01,3.501280e-01,3.060300e-01,2.149990e-01,2.032280e-01,3.658880e-01,2.675630e-01,2.290310e-01,3.725520e-01,4.054760e-01,3.068840e-01,2.031360e-01,2.162130e-01,3.614210e-01,4.023600e-01,3.853890e-01,3.601460e-01,2.712320e-01,3.929060e-01,3.798010e-01,3.477950e-01,3.601000e-01,2.735100e-01,3.680360e-01,3.386960e-01,3.568730e-01,4.254580e-01,3.449930e-01,3.715120e-01,3.576310e-01,3.096270e-01,3.772140e-01,3.094310e-01,4.606310e-01,3.680190e-01,3.818410e-01,3.403260e-01,3.797190e-01,2.625860e-01,2.132470e-01,3.816200e-01,2.546910e-01,3.952270e-01,3.449460e-01,3.869190e-01,3.662450e-01,3.743320e-01,1.045700e-02,3.334760e-01,3.446620e-01,2.643210e-01,3.697090e-01,4.008730e-01,2.623380e-01,2.135760e-01,2.086400e-01,3.439800e-01,3.086080e-01,2.052550e-01,2.091280e-01,3.486790e-01,3.089620e-01,3.623070e-01,5.378100e-01,3.820350e-01,3.176550e-01,3.317200e-01,3.452990e-01,3.963290e-01,3.682230e-01,3.497910e-01,4.212980e-01,3.415600e-01,2.691320e-01,3.643410e-01,3.893320e-01,4.048350e-01,2.706000e-01,4.716840e-01,3.861570e-01,3.070150e-01,2.133850e-01,3.760480e-01,2.654020e-01,3.555260e-01,5.543790e-01,3.486500e-01,3.624370e-01,3.859870e-01,3.901500e-01,3.875750e-01,3.968490e-01,3.596290e-01,3.169370e-01,2.346680e-01,3.671860e-01,3.709760e-01,3.088440e-01,3.627270e-01,3.437230e-01,2.661120e-01,3.720900e-01,3.533340e-01,2.550950e-01,3.656960e-01,3.869260e-01,3.888090e-01,3.979420e-01,2.698710e-01,4.214960e-01,4.111440e-01,2.326240e-01,3.735480e-01,4.240080e-01,2.756150e-01,3.654300e-01,3.713750e-01,3.854430e-01,3.500240e-01,3.854470e-01,3.569350e-01,3.937860e-01,2.721310e-01,2.335400e-01,3.748120e-01,2.618050e-01,2.045540e-01,4.035970e-01,3.761990e-01,2.711360e-01,4.131370e-01,4.058730e-01,3.915120e-01,2.762870e-01,3.791320e-01,3.774180e-01,3.638920e-01,2.740960e-01,2.131410e-01,1.454500e-02,3.751940e-01,3.810900e-01,2.596790e-01,2.253760e-01,3.834720e-01,3.096200e-01,2.126500e-01,3.786120e-01,2.687530e-01,5.993070e-01,3.651020e-01,2.706840e-01,3.798150e-01,3.503110e-01,2.591790e-01,2.023640e-01,2.282070e-01,3.525790e-01,2.735990e-01,5.013360e-01,1.156100e-02,4.052970e-01,3.828760e-01,3.307270e-01,2.656390e-01,3.750340e-01,3.088470e-01,3.505960e-01,3.078970e-01,2.246780e-01,3.495220e-01,3.565490e-01,3.074950e-01,3.788380e-01,3.062050e-01,4.000600e-01,3.086080e-01,2.253080e-01,2.214430e-01,3.771970e-01,3.600930e-01,2.652160e-01,3.460190e-01,1.473630e-01,2.290740e-01,2.175030e-01,3.404650e-01,3.084130e-01,3.440630e-01,3.750260e-01,4.527460e-01,3.953250e-01,3.513300e-01,3.878880e-01,5.873300e-01,2.626580e-01,4.301490e-01,3.421900e-01,3.534190e-01,2.683260e-01,4.424630e-01,3.098660e-01,2.162370e-01,3.395830e-01,2.686020e-01,3.761350e-01,2.522630e-01,3.540670e-01,3.098960e-01,3.599560e-01,3.816390e-01,3.886070e-01,4.039940e-01,2.660060e-01,3.831350e-01,3.460230e-01,2.697830e-01,2.248560e-01,2.088390e-01,3.968220e-01,2.094260e-01,3.563160e-01,2.727210e-01,4.489460e-01,4.167350e-01,3.093740e-01,2.118440e-01,2.157950e-01,2.179760e-01,2.172690e-01,2.130280e-01,3.406270e-01,4.034030e-01,2.707340e-01,3.678100e-01,3.507300e-01,3.830880e-01,3.493640e-01,3.440930e-01,3.093630e-01,3.861990e-01,3.445530e-01,3.096740e-01,2.128360e-01,2.131950e-01,3.770030e-01,3.825180e-01,3.606020e-01,3.646540e-01,3.597870e-01,3.469510e-01,3.860060e-01,3.793910e-01,3.294770e-01,3.508630e-01,3.098490e-01,3.192960e-01,3.851590e-01,5.067550e-01,1.826720e-01,3.649190e-01,2.688920e-01,2.089000e-03,2.120850e-01,3.583010e-01,3.969100e-01,3.988720e-01,3.554020e-01,4.036030e-01,3.569150e-01,4.094700e-01,3.551630e-01,3.872790e-01,3.726420e-01,3.807630e-01,4.205940e-01,2.637020e-01,3.755530e-01,3.725270e-01,3.796660e-01,3.665910e-01,2.723320e-01,3.490370e-01,3.393490e-01,3.590060e-01,4.807640e-01,2.636310e-01,3.946390e-01,3.944080e-01,3.596180e-01,3.915300e-01,3.738950e-01,3.576780e-01,2.534130e-01,3.722770e-01,4.829780e-01,3.390720e-01,3.759780e-01,3.849050e-01,3.090240e-01,3.427190e-01,3.696900e-01,1.964790e-01,2.137450e-01,1.155040e-01,2.135550e-01,3.417410e-01,3.412000e-01,3.644740e-01,3.945740e-01,5.037070e-01,4.062240e-01,3.744540e-01,3.463280e-01,2.269650e-01,3.538360e-01,3.804650e-01,4.084680e-01,3.920480e-01,2.758010e-01,2.099970e-01,4.524060e-01,2.679720e-01,3.610760e-01,1.967010e-01,2.069460e-01,3.895400e-01,3.525270e-01,3.532320e-01,3.844690e-01,3.952920e-01,1.327390e-01,4.279910e-01,2.472520e-01,3.627590e-01,3.594250e-01,2.269680e-01,3.571020e-01,3.933460e-01,5.677340e-01,2.654680e-01,2.149190e-01,2.101860e-01,3.398080e-01,2.586840e-01,3.793470e-01,7.284400e-02,3.883380e-01,3.676680e-01,3.460850e-01,3.989780e-01,4.393460e-01,2.266970e-01,3.661690e-01,3.205550e-01,3.967790e-01,4.124930e-01,3.482670e-01,1.215600e-02,2.644340e-01,2.572180e-01,3.551940e-01,2.952740e-01,3.708870e-01,3.461750e-01,1.128500e-02,3.497390e-01,4.038950e-01,3.104520e-01,3.713220e-01,3.740130e-01,3.087800e-01,5.240100e-02,3.514680e-01,3.642970e-01,3.658450e-01,3.142230e-01,3.488950e-01,2.433140e-01,3.681700e-01,4.286760e-01,3.345140e-01,3.647990e-01,4.809460e-01,2.652130e-01,3.664460e-01,3.957270e-01,3.990760e-01,2.633390e-01,2.082800e-01,3.535570e-01,3.635710e-01,3.664800e-01,1.304510e-01,3.567100e-01,3.075350e-01,2.180850e-01,3.909700e-01,2.624250e-01,2.245820e-01,2.178330e-01,2.412590e-01,3.556020e-01,2.746740e-01,2.245860e-01,2.193470e-01,3.873950e-01,2.742540e-01,3.589260e-01,3.666660e-01,3.708320e-01,3.722340e-01,3.459470e-01,3.960830e-01,3.088580e-01,3.344490e-01,3.656810e-01,3.558230e-01,3.778370e-01,3.991640e-01,3.359940e-01,2.844460e-01,3.531690e-01,3.439810e-01,5.189410e-01,3.471900e-01,2.651380e-01,3.719130e-01,2.729880e-01,3.327770e-01,3.326580e-01,2.901800e-01,3.585360e-01,2.646400e-01,3.377650e-01,2.904350e-01,3.448280e-01,2.798800e-01,3.300900e-01,2.958780e-01,3.568600e-01,3.588420e-01,3.739370e-01,3.514110e-01,2.640360e-01,2.154660e-01,3.544890e-01,3.147080e-01,3.237400e-01,5.223860e-01,4.135360e-01,2.964770e-01,3.884390e-01,3.523970e-01,4.765910e-01,3.291840e-01,2.485690e-01,3.401300e-01,3.022860e-01,3.626250e-01,3.891940e-01,3.524120e-01,3.720560e-01,2.926130e-01,3.567390e-01,3.415330e-01,3.486980e-01,2.724670e-01,2.295460e-01,3.878830e-01,3.856480e-01,5.048280e-01,3.897910e-01,2.657450e-01,5.144240e-01,4.166800e-01,8.837900e-02,3.376240e-01,3.873850e-01,3.460100e-01,1.348730e-01,4.793480e-01,3.244920e-01,3.781170e-01,3.884650e-01,2.940100e-01,2.111640e-01,2.377750e-01,3.398970e-01,3.599620e-01,1.734730e-01,3.523860e-01,3.287210e-01,3.273590e-01,1.154700e-02,2.835960e-01,3.495090e-01,3.778260e-01,1.544760e-01,2.142920e-01,2.516700e-01,3.988130e-01,4.020160e-01,3.923560e-01,3.562370e-01,4.608740e-01,3.093450e-01,2.665170e-01,3.831880e-01,4.308890e-01,3.947400e-01,4.030200e-01,3.212810e-01,2.811940e-01,3.596350e-01,3.737410e-01,3.359500e-01,3.892210e-01,4.272470e-01,4.162400e-01,3.650570e-01,3.781060e-01,2.933840e-01,2.224970e-01,2.150250e-01,3.435650e-01,3.544220e-01,4.386880e-01,4.468790e-01,5.151130e-01,3.627310e-01,2.847740e-01,2.158070e-01,2.250810e-01,3.943130e-01,3.359800e-01,3.974000e-01,3.337780e-01,2.827630e-01,4.091440e-01,1.219700e-02,3.435860e-01,2.766840e-01,3.805430e-01,2.617710e-01,3.462120e-01,3.252660e-01,2.835660e-01,4.268990e-01,3.581850e-01,3.246110e-01,2.720390e-01,3.817320e-01,3.463150e-01,3.603730e-01,3.639900e-01,2.697070e-01,1.238800e-02,3.706310e-01,1.695310e-01,3.787780e-01,3.531940e-01,3.811250e-01,3.489320e-01,3.539210e-01,3.717170e-01,2.714860e-01,4.520400e-01,5.079800e-01,3.421960e-01,3.416270e-01,3.689840e-01,3.634370e-01,3.464040e-01,2.582870e-01,3.237700e-01,4.809930e-01,3.672290e-01,4.875890e-01,3.513620e-01,1.349900e-02,3.335340e-01,3.944760e-01,2.724460e-01,3.168000e-01,4.067270e-01,3.595990e-01,3.201130e-01,3.400520e-01,3.369720e-01,2.857240e-01,3.766360e-01,5.554960e-01,3.455300e-01,1.187600e-02,2.433310e-01,3.656140e-01,2.069280e-01,2.421980e-01,3.445810e-01,3.383520e-01,3.646480e-01,3.534120e-01,4.138440e-01,2.841330e-01,3.419510e-01,3.029990e-01,2.961630e-01,3.373190e-01,3.959130e-01,3.712680e-01,5.683300e-02,3.546320e-01,3.240000e-01,3.671660e-01,3.222210e-01,3.539890e-01,2.675120e-01,3.400830e-01,4.816140e-01,3.229940e-01,4.763570e-01,2.774920e-01,3.547940e-01,2.386500e-01,2.942050e-01,3.870150e-01,2.862590e-01,3.489990e-01,3.339050e-01,4.400720e-01,1.636890e-01,5.059360e-01,3.905330e-01,4.050290e-01,3.381130e-01,3.515640e-01,5.552540e-01,3.706410e-01,3.766880e-01,3.194900e-01,7.373100e-02,3.485970e-01,2.508210e-01,3.763280e-01,4.002610e-01,3.741050e-01,2.698660e-01,3.786570e-01,3.325800e-01,3.421520e-01,3.295780e-01,2.193190e-01,3.678150e-01,3.758770e-01,2.731210e-01,3.622570e-01,5.895330e-01,3.563960e-01,3.642960e-01,3.719970e-01,3.363480e-01,3.726080e-01,1.560370e-01,3.731310e-01,3.808070e-01,3.914730e-01,3.509780e-01,3.262560e-01,3.170180e-01,4.969890e-01,2.600530e-01,3.476160e-01,2.717030e-01,2.109230e-01,1.221510e-01,3.430780e-01,2.608500e-01,5.439460e-01,2.790860e-01,3.705470e-01,3.443610e-01,2.994910e-01,4.086050e-01,3.662270e-01,2.095140e-01,3.625360e-01,1.015900e-02,1.493440e-01,3.790020e-01,3.281290e-01,3.487420e-01,3.648100e-01,2.582080e-01,3.685730e-01,3.526820e-01,2.693300e-01,3.447550e-01,3.553530e-01,3.537140e-01,3.757220e-01,2.714820e-01,3.435140e-01,3.624770e-01,4.006840e-01,5.351470e-01,4.992300e-01,3.304670e-01,4.398760e-01,2.733060e-01,3.735050e-01,2.891860e-01,3.639740e-01,2.614290e-01,3.572120e-01,3.928020e-01,3.727930e-01,2.657370e-01,4.446900e-01,6.030520e-01,4.643450e-01,3.107090e-01,3.733670e-01,2.547550e-01,2.145060e-01,2.303680e-01,2.145580e-01,2.344730e-01,3.792640e-01,3.995930e-01,3.552920e-01,6.602600e-02,3.520390e-01,4.272770e-01,5.493200e-01,3.778230e-01,4.090820e-01,3.934300e-01,3.574850e-01,3.541190e-01,3.790680e-01,3.634210e-01,3.547150e-01,3.883980e-01,3.761210e-01,

Regression parameters
Slope (bjmp):-5.357233e-09
Intercept (ajmp):3.383799e-01

