
Start time (time):1456784208332533334

Carving statistics:

carv-start-time,carv-file-no,carv-start-blk,carv-stop-time,carv-stop-blk,file-len-in-blocks,total-carved-blks,total-blks-processed
---------------------------------------------------------------------------------------------------------------------------------
Calculating time of sequentially reading 100000 512-byte blocks and checking each block for JPEG signature.
Nblocks, Start time, Finish time (in process timer ticks):
-------------------------------------------------

Calcluating regression for the linear test...
---
x[]:
1.000000e+00,1.000010e+05,2.000010e+05,3.000010e+05,4.000010e+05,5.000010e+05,6.000010e+05,7.000010e+05,8.000010e+05,9.000010e+05,
y[]:
4.769098e+01,4.857768e+01,4.780312e+01,4.870605e+01,4.784325e+01,4.856267e+01,4.778749e+01,4.864445e+01,4.786921e+01,4.858591e+01,

Regression parameters
Slope (blin):3.191182e-07
Intercept (alin):4.806348e+01


Calculating time of 1000 random block accesses. For each block a LIBLINEAR test for JPEG data is included into the timing.
Distance jumped (+/-), start time, finish time (in process timer ticks):
--------------------------------------------------

Calcluating regression for the jump test...
---
x[]:
2.876600e+05,-7.408600e+04,-1.215310e+05,3.634780e+05,-7.337000e+03,-2.773750e+05,1.089140e+05,9.587900e+04,7.471800e+04,2.961470e+05,-4.225140e+05,1.548910e+05,-3.038290e+05,3.762620e+05,-4.842670e+05,3.851440e+05,3.428840e+05,-1.784780e+05,7.191100e+04,-2.241290e+05,3.418200e+04,-3.650560e+05,3.176900e+05,-3.488180e+05,4.330660e+05,1.663990e+05,-2.351320e+05,2.329090e+05,-5.422660e+05,5.615220e+05,-9.498200e+04,-2.601410e+05,4.874350e+05,-1.352510e+05,2.207500e+04,-3.386400e+05,4.061130e+05,-7.690130e+05,7.385020e+05,-4.191700e+05,3.458730e+05,-5.027510e+05,6.357220e+05,-3.921700e+04,-1.264900e+05,1.514560e+05,-4.728130e+05,1.351320e+05,5.424000e+04,-4.821630e+05,8.110040e+05,-8.115790e+05,5.278100e+04,3.099550e+05,-2.603960e+05,4.045850e+05,-3.423850e+05,3.232110e+05,-1.812440e+05,-6.591200e+04,-1.526800e+04,-2.762270e+05,5.739480e+05,-3.465720e+05,4.072610e+05,-3.039780e+05,2.147890e+05,-5.365000e+03,-1.729900e+05,-2.797200e+04,5.567280e+05,-7.271180e+05,2.880160e+05,2.924500e+05,1.336650e+05,-6.572130e+05,4.439060e+05,-4.204090e+05,3.779200e+05,-4.018560e+05,7.869100e+04,2.889230e+05,-3.946960e+05,1.314720e+05,-3.011230e+05,3.261720e+05,4.547950e+05,-6.435080e+05,6.493820e+05,-5.451880e+05,1.905810e+05,-3.471490e+05,7.858600e+04,-1.354720e+05,2.062810e+05,5.671080e+05,-4.394500e+05,4.210700e+05,-3.382570e+05,2.062980e+05,-4.256400e+05,1.372080e+05,3.791810e+05,-1.376240e+05,-3.890810e+05,5.128470e+05,1.051640e+05,-8.451770e+05,9.243800e+04,4.018220e+05,-3.470310e+05,1.711280e+05,-1.279940e+05,1.582740e+05,2.213380e+05,-3.478550e+05,4.031840e+05,-1.426060e+05,-9.136200e+04,7.130400e+04,2.934680e+05,1.795700e+04,-1.945830e+05,2.907920e+05,-3.625300e+04,1.169800e+04,-4.210000e+04,-5.569660e+05,4.327690e+05,-3.803580e+05,-2.694060e+05,8.258680e+05,-1.618880e+05,1.097760e+05,-2.117580e+05,-5.509680e+05,6.226220e+05,-1.878560e+05,4.038570e+05,-1.849410e+05,-6.047730e+05,-2.443600e+04,6.744900e+04,1.672340e+05,1.338390e+05,2.887860e+05,-2.618820e+05,-2.817170e+05,1.461810e+05,5.467560e+05,-2.104130e+05,-5.416140e+05,5.647140e+05,-4.049960e+05,-1.695600e+05,4.471980e+05,-3.120360e+05,6.070790e+05,-2.850500e+04,-7.792690e+05,2.267210e+05,5.208280e+05,-7.721400e+05,-1.642900e+04,7.118660e+05,-8.389600e+04,-5.673980e+05,3.532250e+05,-2.717520e+05,-1.635400e+05,2.495450e+05,2.347700e+04,-1.879770e+05,2.357320e+05,2.719730e+05,-1.354000e+05,-2.942200e+05,1.009000e+04,4.828850e+05,-2.293020e+05,-3.431540e+05,2.724710e+05,2.103470e+05,1.402980e+05,-5.126300e+04,-4.047500e+04,-2.312430e+05,4.554410e+05,-2.521360e+05,-2.597480e+05,4.949110e+05,-2.541500e+04,-5.576580e+05,5.415100e+05,3.941800e+04,7.294500e+04,-4.423870e+05,3.720210e+05,-4.738300e+05,2.671230e+05,1.272190e+05,-2.242850e+05,3.718620e+05,-6.075700e+04,1.144700e+04,-3.374280e+05,-1.148960e+05,-3.640350e+05,5.726630e+05,-5.320120e+05,3.879260e+05,2.295090e+05,-3.408020e+05,-3.017290e+05,4.510690e+05,-4.733270e+05,6.390600e+05,1.385640e+05,6.337500e+04,-5.943390e+05,-3.992200e+04,4.770250e+05,-6.197540e+05,3.024200e+05,1.997960e+05,-5.803360e+05,2.941040e+05,-1.613300e+05,6.104240e+05,-9.846400e+04,2.453100e+04,-8.109500e+04,-4.040120e+05,4.776560e+05,-2.231150e+05,-3.925650e+05,2.214900e+05,4.807280e+05,-6.753380e+05,7.941530e+05,-5.128300e+04,-2.874130e+05,4.240000e+04,-3.920860e+05,3.108600e+05,-4.065330e+05,1.158500e+05,-3.134300e+04,7.132940e+05,-8.020370e+05,3.555800e+05,-3.078900e+05,6.562500e+05,-3.454360e+05,7.579200e+04,-1.252170e+05,5.549100e+04,2.886340e+05,-2.865470e+05,-2.340850e+05,1.901690e+05,-1.807540e+05,5.848210e+05,-2.138420e+05,2.969010e+05,-6.195570e+05,3.748560e+05,-4.628720e+05,-5.756700e+04,5.995200e+05,-6.499820e+05,7.911500e+05,-5.878940e+05,3.736810e+05,-5.009370e+05,5.417050e+05,-3.285200e+04,-3.038240e+05,5.103610e+05,-2.195580e+05,-2.871230e+05,-3.405900e+04,4.538140e+05,-5.308740e+05,5.205060e+05,-4.516570e+05,2.439100e+05,-3.240030e+05,-8.176100e+04,-4.263800e+04,3.419130e+05,1.084080e+05,-3.046540e+05,2.673300e+04,-2.417200e+04,-8.901400e+04,3.884380e+05,2.694230e+05,-5.518870e+05,4.121330e+05,-1.123200e+05,-2.206060e+05,3.032830e+05,1.185240e+05,-6.656640e+05,7.023470e+05,-2.397710e+05,2.014850e+05,-5.827410e+05,3.518520e+05,-9.933500e+04,1.113990e+05,2.365310e+05,-4.642600e+05,3.992640e+05,-6.170100e+04,-1.591700e+04,-3.380890e+05,-3.044420e+05,7.210610e+05,-3.807270e+05,3.747100e+04,1.073100e+04,2.146200e+05,6.420300e+04,-9.470300e+04,1.256060e+05,-4.473600e+05,1.747200e+05,-3.450190e+05,-3.522700e+04,6.240000e+04,3.343770e+05,1.867930e+05,-6.378140e+05,4.874510e+05,-1.086000e+04,2.241500e+04,-2.110650e+05,3.876620e+05,-6.069960e+05,6.708630e+05,-4.822010e+05,6.107980e+05,-7.746610e+05,-1.675000e+03,5.490970e+05,2.816200e+04,-3.397640e+05,2.446540e+05,-6.951600e+04,1.795100e+05,-6.178760e+05,-5.878500e+04,3.941300e+05,2.650660e+05,-1.534870e+05,-2.990040e+05,-1.822940e+05,2.123300e+04,1.747170e+05,-2.175220e+05,1.648960e+05,5.090930e+05,-3.072800e+04,-5.541810e+05,1.778050e+05,-4.158800e+04,2.869730e+05,4.800300e+04,2.648110e+05,-2.387610e+05,-2.623970e+05,-1.361280e+05,3.720370e+05,-1.370560e+05,-2.190650e+05,2.113200e+04,-2.763200e+04,3.411720e+05,2.657860e+05,-9.714800e+04,-3.793190e+05,4.666490e+05,-1.559320e+05,1.481100e+04,-1.682870e+05,-2.281570e+05,5.345460e+05,-3.505810e+05,-1.256620e+05,-1.907380e+05,3.318990e+05,-4.202900e+04,3.183550e+05,-5.988300e+05,3.037910e+05,-3.225780e+05,1.783200e+05,-2.279750e+05,5.441640e+05,-3.756080e+05,4.332660e+05,2.005040e+05,-5.117350e+05,-9.469900e+04,1.447100e+05,8.793900e+04,7.696000e+03,3.581500e+04,-4.708900e+05,2.734820e+05,-6.133200e+04,4.979100e+04,-1.598690e+05,-1.360030e+05,6.460200e+04,5.718450e+05,-4.454220e+05,5.991490e+05,-6.787370e+05,4.101780e+05,3.271490e+05,-2.655760e+05,-6.131130e+05,7.267660e+05,-4.566800e+04,-2.280600e+05,3.229260e+05,-6.860870e+05,3.627050e+05,-3.291200e+04,-1.616940e+05,-2.276800e+04,1.675920e+05,1.453100e+05,-1.174670e+05,3.123030e+05,-5.854910e+05,7.089680e+05,-5.518830e+05,-7.511800e+04,8.245000e+04,2.867850e+05,-2.532600e+04,-1.586820e+05,1.507820e+05,3.927600e+04,-4.868380e+05,6.866230e+05,-3.428380e+05,-1.843120e+05,1.155390e+05,6.557300e+04,3.688500e+05,-4.163120e+05,-1.889240e+05,4.044440e+05,1.743670e+05,-7.659990e+05,6.996200e+05,-3.629290e+05,1.010900e+05,-3.620740e+05,4.330410e+05,2.686820e+05,-1.355020e+05,-6.656880e+05,5.809840e+05,1.790090e+05,-7.754600e+05,2.910200e+04,2.262800e+04,2.069910e+05,3.158870e+05,7.856400e+04,4.830900e+04,-4.333310e+05,3.657800e+04,4.614720e+05,-5.654480e+05,5.124790e+05,-5.415790e+05,3.688300e+05,-2.406870e+05,-1.727280e+05,-1.287450e+05,4.703900e+05,2.317160e+05,1.268850e+05,-2.956100e+05,3.133600e+04,-3.173070e+05,-1.132580e+05,4.880010e+05,1.157350e+05,-7.445770e+05,3.524980e+05,4.313100e+05,-1.635930e+05,-4.497560e+05,5.558510e+05,-1.344910e+05,-3.458650e+05,-1.371590e+05,1.813960e+05,5.514370e+05,-8.885000e+04,-2.519350e+05,-3.119860e+05,3.726220e+05,1.638800e+05,-6.995070e+05,6.497820e+05,-3.672910e+05,4.106800e+04,3.957920e+05,-4.147740e+05,4.301970e+05,-1.912320e+05,-3.691510e+05,2.158490e+05,-2.411580e+05,2.135440e+05,1.025910e+05,3.281040e+05,-5.707220e+05,2.580150e+05,-3.006600e+05,-1.394130e+05,9.442200e+04,2.308470e+05,3.351760e+05,4.119400e+04,-1.962810e+05,1.980170e+05,-6.774110e+05,4.364190e+05,2.790500e+04,5.191600e+04,1.244330e+05,-4.994740e+05,1.345340e+05,4.061890e+05,-7.496930e+05,6.672440e+05,-5.340050e+05,6.273610e+05,-7.287920e+05,-2.254700e+04,4.361300e+05,-1.979430e+05,1.933020e+05,1.137100e+05,9.686300e+04,-6.041080e+05,4.418150e+05,3.448790e+05,-3.460930e+05,1.411550e+05,2.054660e+05,-1.704080e+05,-6.092620e+05,6.219050e+05,-2.104770e+05,1.757210e+05,-1.613420e+05,9.337500e+04,-2.878610e+05,-1.334370e+05,1.452910e+05,-2.446900e+05,3.483530e+05,1.985620e+05,2.427620e+05,-4.826030e+05,-3.419400e+04,-2.099820e+05,1.447590e+05,1.370140e+05,-3.137910e+05,5.808890e+05,2.033300e+04,-1.204890e+05,-2.054020e+05,3.593500e+04,1.754040e+05,2.364120e+05,-5.191870e+05,-8.942700e+04,2.963050e+05,-3.137200e+05,6.401650e+05,-2.316940e+05,2.269220e+05,-3.890510e+05,-5.597300e+04,6.558000e+04,-2.956760e+05,4.749050e+05,1.340600e+04,-2.316480e+05,3.114770e+05,-6.195040e+05,4.817700e+04,4.729760e+05,-1.208440e+05,1.398300e+04,1.817320e+05,2.391500e+04,-7.490040e+05,8.492040e+05,-3.764590e+05,1.713300e+05,-1.712850e+05,3.181400e+05,-6.114750e+05,4.119000e+03,4.732900e+05,-2.306600e+05,-8.530900e+04,-4.914300e+04,3.556200e+05,-3.451440e+05,5.379010e+05,-2.361970e+05,1.658060e+05,-4.180730e+05,-1.706170e+05,-1.298690e+05,-2.443100e+04,7.427900e+05,-3.615170e+05,3.683080e+05,-7.767150e+05,5.866610e+05,-1.399780e+05,2.442000e+03,-2.993580e+05,1.230160e+05,-5.490500e+04,-6.709900e+04,7.222000e+04,3.873750e+05,1.854930e+05,-9.906600e+04,-1.944860e+05,3.927570e+05,-9.494700e+04,-6.211970e+05,1.620970e+05,-9.899400e+04,2.296610e+05,-3.822840e+05,4.558630e+05,-1.324390e+05,2.815200e+05,-3.595930e+05,3.494880e+05,1.109040e+05,-4.894630e+05,3.250570e+05,3.495500e+04,4.902100e+04,-2.878970e+05,1.582410e+05,-1.830570e+05,4.721250e+05,-8.205800e+05,4.175860e+05,-2.235980e+05,2.451600e+04,3.504880e+05,-2.326410e+05,4.118910e+05,-3.640200e+05,-2.504450e+05,2.174050e+05,-5.252500e+04,-3.453920e+05,5.774720e+05,1.095720e+05,-4.443860e+05,-1.741310e+05,7.085510e+05,-6.978500e+04,-3.065690e+05,9.007000e+04,-3.481170e+05,-3.834300e+04,2.009740e+05,1.436830e+05,2.867150e+05,1.546660e+05,-6.260340e+05,-1.183000e+03,3.129070e+05,9.648000e+03,-3.477970e+05,3.110660e+05,-3.915050e+05,2.473440e+05,3.355830e+05,-4.101800e+04,9.596600e+04,-1.525280e+05,-4.863000e+05,-1.544790e+05,1.461400e+05,3.611760e+05,-4.998710e+05,6.423490e+05,-4.292530e+05,3.700600e+04,3.869560e+05,-5.394410e+05,-1.140410e+05,1.616490e+05,3.693680e+05,-4.621570e+05,1.233060e+05,6.516030e+05,-3.997360e+05,-4.087180e+05,8.062700e+05,-2.070320e+05,-4.099010e+05,2.191760e+05,-1.161220e+05,1.423030e+05,-4.510200e+05,3.923740e+05,3.896460e+05,-3.417500e+04,-6.299070e+05,5.668740e+05,-1.867030e+05,-2.974670e+05,4.936570e+05,-4.056400e+04,6.370900e+04,-6.214000e+03,-3.794780e+05,-2.842820e+05,-5.047000e+04,7.479000e+03,7.627700e+04,-8.324900e+04,8.786600e+04,4.456460e+05,-5.454070e+05,2.924340e+05,1.972480e+05,-4.514100e+04,-1.162850e+05,2.225500e+04,-1.709110e+05,2.925530e+05,2.414320e+05,-2.870330e+05,-3.838840e+05,6.904130e+05,2.407900e+04,5.763000e+03,-1.625020e+05,2.941730e+05,-3.273640e+05,-3.492050e+05,-8.455600e+04,1.662930e+05,5.102330e+05,6.041400e+04,-8.211840e+05,1.307550e+05,6.761330e+05,-7.903920e+05,1.382340e+05,6.711490e+05,-8.736410e+05,3.073620e+05,2.167930e+05,-5.190470e+05,5.185340e+05,-4.859600e+05,3.358130e+05,4.022500e+05,-4.637050e+05,2.461640e+05,-2.051990e+05,-2.222730e+05,-1.221310e+05,3.109190e+05,4.681390e+05,-1.679000e+04,-5.833190e+05,2.243750e+05,2.773830e+05,-1.068200e+04,-4.356800e+04,1.928280e+05,-7.443900e+05,3.854020e+05,2.532420e+05,-5.843110e+05,5.161580e+05,-5.188800e+04,-4.747020e+05,6.543910e+05,-1.994780e+05,-5.296040e+05,6.175200e+04,9.857700e+04,-1.486500e+05,5.802870e+05,-4.686460e+05,1.871640e+05,1.637970e+05,-3.235000e+04,3.520660e+05,3.986000e+04,-3.358850e+05,3.111970e+05,-5.492220e+05,1.322540e+05,2.131450e+05,-2.325400e+05,4.378910e+05,-4.907350e+05,-1.619590e+05,3.130610e+05,-2.979080e+05,-6.348000e+03,-1.202760e+05,7.740740e+05,-5.093980e+05,3.146200e+05,-9.655300e+04,-1.653610e+05,6.901100e+04,-2.960320e+05,2.862980e+05,1.307630e+05,-2.787170e+05,1.376490e+05,-1.889520e+05,2.339000e+05,3.248130e+05,-1.064170e+05,-6.171880e+05,6.768780e+05,-1.478180e+05,2.818900e+04,6.812000e+03,2.029610e+05,-7.395570e+05,2.199560e+05,5.168400e+04,-3.016670e+05,5.479600e+05,-2.901300e+04,-6.986800e+04,3.313150e+05,-1.166240e+05,-1.901430e+05,2.866490e+05,-7.072840e+05,2.057390e+05,1.088340e+05,1.086190e+05,1.934870e+05,-1.871980e+05,-5.050840e+05,3.242510e+05,-3.846540e+05,5.325660e+05,1.352990e+05,-1.507540e+05,-1.238840e+05,2.888300e+04,1.320580e+05,-3.470070e+05,-3.767300e+04,7.898600e+04,5.598050e+05,-6.534510e+05,1.581680e+05,-3.897800e+04,2.169720e+05,-1.434990e+05,-3.097560e+05,1.066960e+05,-1.321040e+05,8.402970e+05,-8.286670e+05,5.777540e+05,1.456830e+05,-5.546870e+05,-1.977710e+05,3.357790e+05,4.539330e+05,-4.283000e+03,-7.514210e+05,-5.115100e+04,2.387060e+05,-2.360740e+05,4.814160e+05,3.740040e+05,-3.868280e+05,-4.612070e+05,4.028870e+05,-3.360310e+05,9.178700e+04,4.464750e+05,-3.383070e+05,-1.671470e+05,6.117640e+05,-9.887800e+04,-2.061240e+05,-7.126600e+04,-2.423770e+05,3.028590e+05,1.166930e+05,-4.557440e+05,3.244170e+05,1.880270e+05,4.074800e+04,-3.486390e+05,4.520790e+05,-7.576000e+04,-9.412300e+04,8.727300e+04,-1.613050e+05,5.445700e+04,3.612300e+04,1.586620e+05,-1.816170e+05,-4.637240e+05,5.326660e+05,-4.871830e+05,-2.493000e+04,3.555300e+04,-4.476000e+03,6.685700e+04,4.820280e+05,-2.615210e+05,-1.002890e+05,1.125280e+05,-2.791370e+05,5.935880e+05,4.126300e+04,-6.027760e+05,-3.555000e+03,1.579560e+05,-1.585190e+05,4.021240e+05,2.647210e+05,-3.650800e+04,5.348400e+04,-1.832000e+05,-1.122690e+05,-1.219010e+05,-9.592700e+04,-2.735740e+05,1.381800e+04,7.589350e+05,-1.149120e+05,-8.653700e+04,-6.047900e+05,4.177540e+05,2.450190e+05,-6.297190e+05,5.345680e+05,2.405440e+05,-5.628630e+05,3.533400e+04,-2.097800e+04,3.181110e+05,1.478620e+05,-3.813760e+05,1.169700e+04,1.891250e+05,-2.889000e+03,8.142000e+03,2.658190e+05,-8.014600e+04,-4.897350e+05,4.492790e+05,-3.539300e+04,-5.175130e+05,3.473410e+05,-2.289240e+05,3.418490e+05,1.701520e+05,-4.212360e+05,3.556670e+05,2.908700e+04,-5.361490e+05,1.878680e+05,3.242980e+05,-3.713200e+04,
y[]:
1.580820e+00,1.511904e+00,1.530181e+00,1.492697e+00,1.435641e+00,1.396115e+00,1.445488e+00,1.553156e+00,1.468124e+00,1.538847e+00,1.518465e+00,1.482284e+00,1.499238e+00,1.644321e+00,1.487839e+00,1.431724e+00,1.454515e+00,1.438545e+00,1.494404e+00,1.476166e+00,1.563428e+00,1.515481e+00,1.419925e+00,1.497051e+00,1.508483e+00,1.542130e+00,1.521078e+00,1.554031e+00,1.535315e+00,1.544803e+00,1.432891e+00,1.527957e+00,1.517893e+00,1.483397e+00,1.345847e+00,1.551527e+00,1.504988e+00,1.555969e+00,1.468648e+00,1.520582e+00,1.562017e+00,1.519698e+00,1.544303e+00,1.500903e+00,1.531774e+00,1.505146e+00,1.434775e+00,1.383444e+00,1.479666e+00,1.527686e+00,1.554725e+00,1.537211e+00,1.464711e+00,1.459610e+00,1.459990e+00,1.539220e+00,1.538465e+00,1.439796e+00,1.459517e+00,1.522053e+00,1.498613e+00,1.456587e+00,1.382787e+00,1.536060e+00,1.486018e+00,1.465484e+00,1.459143e+00,1.516564e+00,1.531944e+00,1.586597e+00,1.432760e+00,1.548774e+00,1.495244e+00,1.519838e+00,1.492093e+00,1.538109e+00,1.487459e+00,1.498375e+00,1.567071e+00,1.528947e+00,1.471185e+00,1.435732e+00,1.534130e+00,1.398728e+00,1.449085e+00,1.510946e+00,1.509197e+00,1.390713e+00,1.434826e+00,1.579533e+00,1.460405e+00,1.566312e+00,1.545884e+00,1.527912e+00,1.497791e+00,1.393604e+00,1.539070e+00,1.527597e+00,1.560104e+00,1.428312e+00,1.523958e+00,1.444102e+00,1.444719e+00,1.443802e+00,1.528296e+00,1.439379e+00,1.444450e+00,1.458309e+00,1.475295e+00,1.485070e+00,1.513277e+00,1.546777e+00,1.450805e+00,1.478322e+00,1.578040e+00,1.560976e+00,1.532915e+00,1.455856e+00,1.545111e+00,1.530072e+00,1.433034e+00,1.482052e+00,1.595735e+00,1.574529e+00,1.489036e+00,1.503646e+00,1.546282e+00,1.485849e+00,1.444143e+00,1.497895e+00,1.488771e+00,1.468239e+00,1.485113e+00,1.507006e+00,1.461643e+00,1.540478e+00,1.588294e+00,1.338467e+00,8.713970e-01,1.543731e+00,1.458114e+00,1.435735e+00,1.564492e+00,1.408650e+00,1.541411e+00,1.500137e+00,1.547790e+00,1.511282e+00,1.528219e+00,1.527361e+00,1.493736e+00,1.398801e+00,1.459549e+00,1.466416e+00,1.513389e+00,1.558894e+00,1.352704e+00,1.505680e+00,1.513343e+00,1.535279e+00,1.583634e+00,1.536931e+00,1.555191e+00,1.605989e+00,1.586055e+00,1.447502e+00,1.563630e+00,1.548426e+00,1.527081e+00,1.466605e+00,1.469181e+00,1.496703e+00,1.587420e+00,1.489992e+00,1.474205e+00,1.505686e+00,1.493870e+00,2.800900e-01,1.485867e+00,1.485950e+00,1.543683e+00,6.510740e-01,1.500739e+00,1.471898e+00,1.415783e+00,1.481899e+00,1.501360e+00,1.537040e+00,1.606741e+00,1.448284e+00,1.525652e+00,1.513816e+00,1.574347e+00,1.466879e+00,1.451991e+00,1.525764e+00,1.574808e+00,1.509051e+00,1.497480e+00,1.533303e+00,1.416678e+00,1.527282e+00,1.439637e+00,1.459494e+00,1.439411e+00,1.566262e+00,1.492008e+00,1.540417e+00,1.508593e+00,1.485395e+00,9.268830e-01,1.385732e+00,1.534596e+00,1.473705e+00,1.441323e+00,1.487323e+00,1.497309e+00,1.507785e+00,1.452810e+00,1.441929e+00,1.573156e+00,1.539625e+00,1.604653e+00,1.487010e+00,1.493124e+00,1.390368e+00,1.442079e+00,1.408113e+00,1.380183e+00,1.408000e+00,1.402167e+00,1.478348e+00,1.470079e+00,1.467526e+00,1.532049e+00,1.389489e+00,1.393212e+00,1.593823e+00,1.447309e+00,1.475917e+00,8.651580e-01,1.435207e+00,1.001384e+00,1.534854e+00,1.557935e+00,1.450912e+00,1.516894e+00,1.540107e+00,1.433634e+00,1.240717e+00,1.449888e+00,1.409515e+00,1.464818e+00,1.480944e+00,1.556810e+00,1.346812e+00,1.346604e+00,1.551461e+00,1.431955e+00,1.494082e+00,1.543981e+00,3.025480e-01,1.083572e+00,1.542801e+00,3.131700e-01,1.407511e+00,1.523460e+00,1.423898e+00,1.556415e+00,1.488820e+00,1.469553e+00,1.539999e+00,1.602133e+00,1.393374e+00,1.528575e+00,1.438942e+00,1.515076e+00,1.456249e+00,1.533151e+00,1.532693e+00,1.518481e+00,1.497716e+00,1.529001e+00,1.505811e+00,1.510520e+00,1.472867e+00,1.462987e+00,1.562713e+00,1.473108e+00,1.447171e+00,7.113820e-01,1.435429e+00,1.564782e+00,1.482292e+00,1.483972e+00,1.334173e+00,1.559245e+00,1.588714e+00,1.387037e+00,1.538708e+00,1.566210e+00,1.599580e+00,1.522688e+00,1.368881e+00,1.396041e+00,1.493439e+00,1.453273e+00,1.480706e+00,1.383634e+00,1.406556e+00,8.692340e-01,1.349041e+00,1.478845e+00,1.529786e+00,1.418331e+00,8.578500e-01,1.484104e+00,1.569662e+00,1.466578e+00,1.389707e+00,1.462717e+00,1.526008e+00,1.531994e+00,1.483502e+00,1.509197e+00,1.436564e+00,1.479173e+00,1.408464e+00,1.397225e+00,1.442303e+00,1.542959e+00,1.527384e+00,1.548819e+00,1.542359e+00,1.493414e+00,1.421344e+00,1.527269e+00,1.474207e+00,1.479129e+00,1.503023e+00,1.500583e+00,7.963490e-01,1.188754e+00,1.520139e+00,1.511132e+00,1.427674e+00,1.590378e+00,1.523330e+00,1.453971e+00,1.405845e+00,1.454386e+00,1.472199e+00,1.589545e+00,1.524484e+00,1.472136e+00,1.453716e+00,1.405583e+00,1.443421e+00,1.569718e+00,1.532039e+00,1.377981e+00,1.499320e+00,1.517490e+00,1.505046e+00,1.485110e+00,1.444888e+00,1.154300e-02,1.487848e+00,1.463798e+00,1.409673e+00,1.415067e+00,1.483242e+00,1.383491e+00,1.416130e+00,1.431760e+00,1.496715e+00,1.520304e+00,1.473767e+00,1.469373e+00,1.534683e+00,1.398318e+00,1.480275e+00,1.497219e+00,1.499060e+00,1.409648e+00,1.399182e+00,1.368097e+00,1.438220e+00,1.409143e+00,1.438361e+00,1.426071e+00,1.491996e+00,1.528792e+00,1.475565e+00,1.436024e+00,1.530751e+00,1.528503e+00,1.496981e+00,1.407632e+00,1.530660e+00,1.484683e+00,1.444902e+00,1.527412e+00,1.526207e+00,1.488262e+00,1.503390e+00,1.532038e+00,1.496624e+00,1.550369e+00,1.580332e+00,1.403280e+00,1.477101e+00,1.814435e+00,1.539321e+00,1.481175e+00,1.542894e+00,1.522149e+00,1.430055e+00,1.533420e+00,1.531586e+00,1.502659e+00,1.377441e+00,1.386070e+00,1.434193e+00,1.486257e+00,6.091150e-01,1.124585e+00,1.419069e+00,1.445748e+00,1.413373e+00,1.473800e+00,1.508513e+00,1.540148e+00,1.526576e+00,1.587784e+00,1.463718e+00,1.597275e+00,1.533347e+00,1.560573e+00,1.435764e+00,1.515580e+00,1.517363e+00,1.440692e+00,1.369870e+00,1.576280e+00,1.436821e+00,1.486506e+00,1.526486e+00,1.540008e+00,1.521940e+00,1.426147e+00,1.518954e+00,9.949990e-01,1.514536e+00,1.430677e+00,1.572709e+00,1.517676e+00,1.526055e+00,1.470596e+00,1.442752e+00,1.457228e+00,1.532773e+00,1.549270e+00,1.456862e+00,1.484015e+00,1.461243e+00,1.453193e+00,1.493768e+00,1.455243e+00,1.368012e+00,1.534570e+00,1.556896e+00,1.469936e+00,3.832150e-01,1.478592e+00,1.372512e+00,1.385277e+00,1.460893e+00,1.525802e+00,1.460400e+00,1.440011e+00,1.425753e+00,1.851980e-01,1.472260e+00,1.487232e+00,1.534705e+00,1.499528e+00,1.502795e+00,1.315523e+00,8.734360e-01,1.513592e+00,1.521787e+00,1.410979e+00,1.527724e+00,1.498919e+00,9.530470e-01,1.173195e+00,1.537116e+00,4.153870e-01,1.416538e+00,1.437360e+00,1.512707e+00,1.492367e+00,1.544549e+00,1.498962e+00,1.462420e+00,1.566853e+00,1.483647e+00,1.391815e+00,1.434435e+00,7.338760e-01,1.540783e+00,1.529337e+00,1.497927e+00,1.501954e+00,1.401981e+00,1.416867e+00,1.522698e+00,5.036260e-01,1.478454e+00,1.446030e+00,1.464697e+00,1.275434e+00,1.530042e+00,1.495479e+00,6.116790e-01,1.450434e+00,1.495110e+00,1.469893e+00,1.538853e+00,1.538377e+00,1.594522e+00,1.352681e+00,8.702020e-01,1.508701e+00,1.568752e+00,1.528285e+00,1.562240e+00,1.461256e+00,1.480535e+00,1.502629e+00,1.428900e+00,1.417675e+00,1.488365e+00,1.516345e+00,1.454580e+00,1.571200e+00,1.580395e+00,1.520529e+00,1.467337e+00,1.432502e+00,1.549744e+00,1.428950e+00,1.000908e+00,1.543435e+00,1.461644e+00,1.503940e+00,1.431465e+00,4.961720e-01,7.831720e-01,1.467249e+00,9.393560e-01,1.512994e+00,1.455240e+00,1.469269e+00,1.389862e+00,1.434313e+00,1.522298e+00,1.438140e+00,1.524456e+00,1.441507e+00,1.500965e+00,1.472441e+00,1.503130e+00,1.442573e+00,1.485348e+00,1.533110e+00,1.197148e+00,1.581412e+00,1.308682e+00,9.944830e-01,1.030874e+00,1.214337e+00,1.279997e+00,1.355386e+00,1.463360e+00,1.545605e+00,1.424909e+00,1.421305e+00,1.516462e+00,1.405536e+00,5.314920e-01,1.434736e+00,1.568912e+00,1.499140e+00,1.452583e+00,1.463050e+00,1.535002e+00,1.417429e+00,1.573173e+00,1.321343e+00,1.433891e+00,1.477077e+00,1.577963e+00,1.541061e+00,1.814010e-01,1.532500e+00,1.422287e+00,1.450113e+00,1.492877e+00,1.438317e+00,1.444400e+00,1.477996e+00,1.167471e+00,2.177000e-03,1.434359e+00,8.536410e-01,1.522784e+00,1.147300e-02,1.352235e+00,1.557932e+00,1.551723e+00,1.393199e+00,1.404985e+00,1.472860e+00,1.114852e+00,1.519232e+00,1.388556e+00,1.467623e+00,2.978860e-01,1.365978e+00,1.435642e+00,1.500257e+00,1.458967e+00,1.482805e+00,1.542135e+00,1.558678e+00,1.546590e+00,1.586321e+00,1.202500e-02,1.304969e+00,1.518054e+00,1.438443e+00,1.365911e+00,1.472028e+00,1.524245e+00,1.468516e+00,1.436453e+00,1.532647e+00,1.476521e+00,1.520999e+00,1.502636e+00,1.499850e+00,1.489069e+00,1.478570e+00,1.373821e+00,1.479367e+00,1.484864e+00,1.040279e+00,1.481081e+00,1.483984e+00,1.507552e+00,1.546373e+00,1.559075e+00,1.520402e+00,1.524772e+00,1.460091e+00,1.509076e+00,1.193700e-02,2.551590e-01,1.523285e+00,1.380053e+00,1.536088e+00,1.474844e+00,1.456354e+00,1.365750e+00,1.546158e+00,1.506155e+00,1.482915e+00,1.572086e+00,1.343890e+00,1.855320e-01,9.250760e-01,1.423558e+00,1.522609e+00,1.576842e+00,1.477744e+00,1.523516e+00,1.515210e+00,1.425397e+00,1.360535e+00,5.078350e-01,1.426182e+00,1.357325e+00,1.481191e+00,1.463890e+00,1.487798e+00,1.479637e+00,1.440278e+00,1.553451e+00,2.922720e-01,1.431324e+00,1.577796e+00,1.547517e+00,1.452271e+00,1.442797e+00,1.519673e+00,1.517105e+00,1.540897e+00,1.440912e+00,1.380371e+00,6.384150e-01,1.526031e+00,1.491005e+00,9.125970e-01,1.517349e+00,1.360562e+00,1.436894e+00,1.482501e+00,1.451839e+00,6.623530e-01,1.499247e+00,1.397186e+00,1.391273e+00,1.451079e+00,1.488889e+00,1.427402e+00,1.532533e+00,1.568354e+00,1.425572e+00,1.311812e+00,1.447839e+00,1.463766e+00,1.557900e+00,1.549027e+00,8.884070e-01,1.534491e+00,1.503641e+00,1.580034e+00,1.376468e+00,7.436400e-01,1.331046e+00,1.401054e+00,7.418920e-01,1.350154e+00,1.438871e+00,1.599181e+00,9.034830e-01,1.442557e+00,1.428108e+00,1.410708e+00,1.493037e+00,1.514647e+00,1.094174e+00,1.467404e+00,1.519117e+00,1.313996e+00,1.426924e+00,1.468648e+00,1.496474e+00,1.501344e+00,6.214250e-01,1.545107e+00,1.451864e+00,1.529935e+00,1.439503e+00,1.517121e+00,1.471775e+00,1.302099e+00,1.596815e+00,1.430379e+00,1.171628e+00,1.416316e+00,1.536833e+00,3.570520e-01,1.413454e+00,1.559122e+00,1.579708e+00,1.385733e+00,1.558371e+00,1.491224e+00,1.380036e+00,1.480941e+00,1.504067e+00,1.636244e+00,1.568435e+00,1.518335e+00,4.839780e-01,1.394326e+00,1.512084e+00,1.483348e+00,4.037630e-01,1.426172e+00,1.191787e+00,1.486409e+00,1.436327e+00,1.431466e+00,1.541879e+00,1.584152e+00,1.164040e+00,4.698450e-01,1.464292e+00,1.394316e+00,1.428711e+00,1.501921e+00,1.567240e+00,1.477720e+00,1.520192e+00,3.716110e-01,1.492104e+00,1.468364e+00,1.468732e+00,1.457259e+00,1.721280e-01,1.433303e+00,1.493111e+00,1.455468e+00,1.477715e+00,1.492690e+00,1.393188e+00,1.535583e+00,1.465676e+00,1.355526e+00,7.778580e-01,1.495752e+00,1.473968e+00,1.484294e+00,1.435889e+00,1.493443e+00,6.164920e-01,1.406530e+00,1.417557e+00,1.490635e+00,1.377761e+00,1.317573e+00,1.053480e+00,1.380260e+00,1.458194e+00,1.534407e+00,1.472619e+00,8.432510e-01,1.537921e+00,1.548041e+00,1.428427e+00,1.528473e+00,8.276140e-01,1.538246e+00,1.475156e+00,1.475359e+00,1.487883e+00,1.465439e+00,1.473030e+00,1.387811e+00,1.584333e+00,1.415130e+00,1.486312e+00,1.403637e+00,1.517444e+00,1.533597e+00,1.376588e+00,5.283360e-01,1.413630e+00,1.572260e+00,1.454311e+00,1.478979e+00,1.386347e+00,1.426732e+00,1.474059e+00,1.506770e+00,1.411062e+00,1.500791e+00,1.026600e+00,5.261330e-01,1.373985e+00,1.529787e+00,1.447498e+00,1.535221e+00,1.516525e+00,1.489144e+00,5.078110e-01,1.379794e+00,1.436057e+00,1.600704e+00,1.736050e-01,1.438485e+00,1.104958e+00,1.456769e+00,1.513693e+00,1.443238e+00,1.573359e+00,1.574230e+00,1.581677e+00,3.852200e-01,1.477509e+00,1.541602e+00,1.536198e+00,1.547190e+00,9.622070e-01,1.536675e+00,1.628058e+00,1.468294e+00,1.548797e+00,1.508920e+00,1.323197e+00,1.374710e+00,1.421774e+00,1.413419e+00,1.431275e+00,1.430652e+00,1.455979e+00,1.496891e+00,1.617902e+00,1.526683e+00,8.729300e-01,1.447499e+00,1.556184e+00,1.455725e+00,1.502547e+00,1.589480e-01,1.305052e+00,1.466950e+00,1.394525e+00,1.451050e+00,1.545750e+00,1.399870e+00,1.809550e-01,1.458928e+00,1.357911e+00,1.428222e+00,1.487216e+00,7.924140e-01,1.038201e+00,7.486080e-01,1.452254e+00,1.444393e+00,1.499634e+00,1.465895e+00,1.546568e+00,1.421957e+00,1.465261e+00,1.509099e+00,1.407883e+00,1.476089e+00,1.481691e+00,1.464658e+00,1.532515e+00,1.467039e+00,1.561048e+00,1.482764e+00,5.333880e-01,1.506587e+00,1.564985e+00,1.468816e+00,1.602095e+00,1.586097e+00,1.533935e+00,1.386171e+00,1.552850e+00,6.497920e-01,1.664720e-01,1.392336e+00,1.473644e+00,1.452664e+00,1.228200e-02,1.477298e+00,1.426601e+00,1.454132e+00,1.541561e+00,1.466363e+00,1.346067e+00,1.472054e+00,8.317310e-01,1.494748e+00,1.414949e+00,1.696650e-01,1.393051e+00,1.797450e-01,1.339893e+00,5.503510e-01,1.444046e+00,1.473229e+00,6.648450e-01,1.550054e+00,9.782870e-01,1.487190e+00,1.543637e+00,1.468135e+00,1.430372e+00,1.543191e+00,1.512427e+00,1.528141e+00,1.524273e+00,1.368270e+00,8.309690e-01,1.560552e+00,1.097655e+00,1.563194e+00,1.430225e+00,1.542430e+00,1.534726e+00,

Regression parameters
Slope (bjmp):-2.855139e-09
Intercept (ajmp):1.401469e+00

