
Start time (time):1457296686881918664

Carving statistics:

carv-start-time,carv-file-no,carv-start-blk,carv-stop-time,carv-stop-blk,file-len-in-blocks,total-carved-blks,total-blks-processed
---------------------------------------------------------------------------------------------------------------------------------
Calculating time of sequentially reading 100000 512-byte blocks and checking each block for JPEG signature.
Nblocks, Start time, Finish time (in process timer ticks):
-------------------------------------------------

Calcluating regression for the linear test...
---
x[]:
1.000000e+02,1.000010e+07,2.000010e+07,3.000010e+07,
y[]:
5.194000e-03,1.984853e+03,2.964058e+03,3.934780e+03,

Regression parameters
Slope (blin):1.278353e-04
Intercept (alin):3.033819e+02


Calculating time of 1000 random block accesses. For each block a LIBLINEAR test for JPEG data is included into the timing.
Distance jumped (+/-), start time, finish time (in process timer ticks):
--------------------------------------------------

Calcluating regression for the jump test...
---
x[]:
2.899690e+05,2.108600e+05,1.210100e+05,5.072000e+04,2.319630e+05,9.998500e+04,1.278690e+05,3.008600e+04,1.164440e+05,4.849700e+04,2.331360e+05,1.511100e+05,2.683220e+05,1.611210e+05,1.391800e+05,1.387410e+05,7.639100e+04,2.960100e+04,5.218800e+04,1.568120e+05,1.228400e+04,6.292400e+04,1.401530e+05,2.404280e+05,1.791110e+05,1.122460e+05,5.146300e+04,3.984500e+04,3.067800e+04,9.732800e+04,4.155500e+04,1.251490e+05,1.238900e+05,1.250500e+05,5.945000e+04,1.073850e+05,2.635740e+05,9.907500e+04,1.332480e+05,3.784500e+04,2.861110e+05,5.017800e+04,3.757300e+04,1.353300e+04,6.825100e+04,1.098060e+05,6.702900e+04,6.940300e+04,7.429100e+04,1.944520e+05,1.337400e+05,1.836000e+03,2.082300e+04,7.216100e+04,1.697700e+04,2.051230e+05,1.607520e+05,1.420720e+05,1.497880e+05,2.244630e+05,3.008000e+03,3.532300e+04,2.472630e+05,1.666400e+04,1.350420e+05,2.903000e+03,2.129530e+05,1.002160e+05,4.778600e+04,1.140310e+05,1.662400e+04,1.958760e+05,5.374500e+04,1.881850e+05,8.310900e+04,1.126470e+05,8.611700e+04,7.748800e+04,3.337900e+04,5.647200e+04,5.004300e+04,1.846690e+05,9.762100e+04,7.411300e+04,8.273300e+04,1.913070e+05,8.429800e+04,1.380430e+05,4.222600e+04,2.622700e+04,6.238400e+04,7.049500e+04,6.870900e+04,2.244740e+05,1.903360e+05,7.564000e+04,8.185000e+04,3.679700e+04,1.344190e+05,1.158390e+05,1.913200e+04,7.144000e+03,2.083030e+05,1.802830e+05,1.529960e+05,4.581100e+04,1.985000e+04,2.840200e+04,1.668350e+05,7.547000e+04,1.481800e+04,2.748370e+05,2.559720e+05,1.257900e+04,1.460530e+05,3.704600e+04,1.396930e+05,3.009800e+04,5.914300e+04,9.272100e+04,5.639900e+04,1.678510e+05,7.624900e+04,2.430830e+05,3.439100e+04,8.675200e+04,6.158900e+04,7.322300e+04,2.299270e+05,5.896800e+04,8.906600e+04,6.143000e+04,2.229570e+05,8.169900e+04,2.604000e+04,1.596170e+05,1.236610e+05,2.042300e+04,2.476470e+05,1.341140e+05,4.522400e+04,4.098900e+04,9.995700e+04,2.801900e+04,1.693530e+05,1.884690e+05,1.262980e+05,1.618500e+04,1.523380e+05,6.913300e+04,8.257000e+03,1.022100e+05,3.239200e+04,5.781900e+04,1.053870e+05,1.154420e+05,1.787500e+04,4.926700e+04,1.963380e+05,6.804600e+04,1.478670e+05,3.355800e+04,2.220280e+05,1.154100e+04,1.336100e+04,1.005690e+05,1.602980e+05,5.921000e+03,9.666000e+04,1.081300e+05,3.637500e+04,8.946000e+04,1.604570e+05,6.886300e+04,3.695200e+04,1.126050e+05,1.049990e+05,1.385570e+05,1.370730e+05,1.390680e+05,3.508400e+04,2.342420e+05,2.515490e+05,4.820800e+04,1.247820e+05,1.074460e+05,3.771600e+04,2.415800e+05,2.865300e+04,7.083600e+04,1.600190e+05,1.835530e+05,3.364600e+04,9.911000e+04,1.452190e+05,1.438340e+05,1.604860e+05,7.879000e+03,3.883500e+04,1.392730e+05,9.514000e+04,6.110000e+03,9.303800e+04,6.113200e+04,1.216900e+05,8.163200e+04,1.432360e+05,1.155530e+05,7.103500e+04,3.549800e+04,1.004290e+05,1.530630e+05,8.445200e+04,1.232680e+05,4.679800e+04,1.540590e+05,1.395280e+05,4.095000e+04,4.115800e+04,1.020810e+05,1.702520e+05,8.997800e+04,9.678600e+04,2.158830e+05,2.787000e+04,8.407400e+04,4.308800e+04,1.362600e+04,2.350600e+04,2.158900e+04,1.250780e+05,1.448770e+05,1.797150e+05,2.152210e+05,2.274500e+04,4.596500e+04,1.818510e+05,5.512700e+04,2.229480e+05,2.267260e+05,9.962800e+04,2.064800e+04,1.569500e+05,4.223700e+04,3.753800e+04,1.041760e+05,6.682900e+04,1.134930e+05,2.050000e+03,2.300060e+05,4.801400e+04,1.327040e+05,1.156770e+05,9.102300e+04,9.423800e+04,8.885600e+04,8.859000e+04,1.620850e+05,5.433700e+04,1.102700e+04,1.827310e+05,9.785800e+04,1.487510e+05,2.717000e+03,1.196800e+04,7.143300e+04,1.446710e+05,1.298000e+03,3.683700e+04,4.680000e+03,1.278600e+05,2.220970e+05,6.274000e+03,1.755900e+05,8.883300e+04,8.244200e+04,4.654800e+04,9.347000e+04,1.161570e+05,1.148380e+05,5.655800e+04,3.860600e+04,6.852600e+04,6.266700e+04,6.396400e+04,6.974500e+04,5.025400e+04,2.444840e+05,1.529700e+05,1.451390e+05,3.230000e+03,2.072800e+04,1.557300e+04,1.031710e+05,2.548900e+04,6.515600e+04,8.739800e+04,8.796700e+04,6.746600e+04,2.711000e+03,6.537800e+04,1.374030e+05,1.293420e+05,7.571200e+04,1.795970e+05,1.240800e+05,4.394800e+04,6.576000e+03,9.806000e+03,5.867800e+04,2.682110e+05,5.086800e+04,1.925140e+05,7.408100e+04,7.004900e+04,1.532820e+05,1.386560e+05,1.878450e+05,4.004700e+04,1.593340e+05,5.920000e+03,1.688590e+05,6.459800e+04,1.190200e+04,3.280700e+04,1.392600e+05,1.922980e+05,2.488430e+05,1.109500e+04,3.361800e+04,5.862500e+04,8.936500e+04,1.519810e+05,1.864600e+05,2.083900e+04,2.754600e+04,9.951300e+04,4.415200e+04,4.605400e+04,1.745100e+04,5.139500e+04,2.092090e+05,1.812000e+05,1.087220e+05,7.356800e+04,9.085700e+04,1.278140e+05,3.316600e+04,5.243200e+04,2.809030e+05,1.766550e+05,1.012550e+05,2.218980e+05,4.978100e+04,8.688200e+04,1.825010e+05,2.631400e+04,2.163140e+05,1.763720e+05,7.171000e+03,2.277940e+05,1.631500e+04,1.102100e+05,2.009950e+05,2.224700e+05,2.554200e+05,7.914100e+04,2.456230e+05,2.805700e+04,9.373000e+04,2.121390e+05,1.284520e+05,8.058700e+04,2.317920e+05,2.301600e+04,9.895100e+04,1.825290e+05,1.297640e+05,1.518750e+05,1.304430e+05,1.472790e+05,8.200900e+04,7.641800e+04,1.225980e+05,1.481050e+05,8.879700e+04,5.772600e+04,2.049590e+05,1.593060e+05,1.592500e+05,1.631550e+05,1.585100e+05,1.447930e+05,4.218300e+04,5.630000e+02,1.642730e+05,1.879350e+05,1.718000e+04,5.158200e+04,1.741850e+05,1.996870e+05,5.676500e+04,7.733200e+04,6.362700e+04,5.795800e+04,2.247710e+05,1.009520e+05,3.608400e+04,8.263800e+04,5.882400e+04,2.013120e+05,1.565400e+05,9.693000e+04,4.447400e+04,7.936700e+04,1.956500e+04,3.004200e+04,4.652900e+04,1.792930e+05,1.238610e+05,1.818190e+05,1.493620e+05,2.326410e+05,4.374000e+04,1.527900e+04,1.522740e+05,1.266790e+05,2.410800e+04,7.312900e+04,4.111200e+04,4.472300e+04,1.117650e+05,6.067700e+04,1.480590e+05,1.522630e+05,1.083800e+04,7.685300e+04,6.456200e+04,2.704000e+03,7.221800e+04,5.011800e+04,1.159590e+05,1.259030e+05,1.672130e+05,6.195400e+04,1.414470e+05,3.597200e+04,7.124700e+04,4.213000e+04,1.727770e+05,2.083400e+04,1.047870e+05,2.800600e+04,3.913500e+04,1.048590e+05,1.075640e+05,1.031570e+05,7.678600e+04,2.170420e+05,7.764000e+03,2.317600e+05,7.320600e+04,1.276460e+05,1.951980e+05,1.481580e+05,6.427500e+04,2.454820e+05,4.757000e+04,1.524300e+05,8.233000e+03,1.835040e+05,1.172760e+05,2.646670e+05,6.696300e+04,7.472700e+04,8.352100e+04,2.283100e+04,2.529900e+04,2.081860e+05,7.109600e+04,3.470500e+04,1.353700e+05,7.157100e+04,4.265200e+04,2.184200e+05,7.749700e+04,1.145340e+05,4.995000e+03,2.710000e+03,8.041200e+04,7.195800e+04,2.192810e+05,7.929100e+04,1.695150e+05,1.321330e+05,
y[]:
3.514786e+01,6.899102e+00,1.302913e+01,5.711604e+00,5.570638e+00,1.021749e+01,6.223777e+00,9.113608e+00,9.358863e+00,9.883789e+00,6.090470e+00,1.260306e+01,1.322726e+01,8.563180e+00,8.634844e+00,7.200671e+00,1.090457e+01,5.515762e+00,1.036589e+01,5.420772e+00,3.342665e+00,8.450497e+00,9.509483e+00,1.083352e+01,4.727430e+00,1.393639e+01,1.679428e+01,3.213719e+00,3.902190e+00,1.112448e+01,9.724017e+00,1.156096e+01,5.571798e+00,3.126223e+00,5.108593e+00,6.785893e+00,6.788868e+00,3.376218e+00,6.295317e+00,7.638097e+00,7.890610e+00,1.274085e+01,8.981911e+00,2.930598e+00,9.563760e+00,1.488874e+01,1.149306e+01,7.028599e+00,4.842616e+00,1.156301e+01,9.950586e+00,4.085780e+00,9.088669e+00,1.303057e+01,9.359522e+00,1.244009e+01,4.408237e+00,1.279069e+01,1.289880e+01,1.043403e+01,3.132710e+00,1.154939e+01,1.351054e+01,7.021284e+00,1.002186e+01,8.949426e+00,1.155916e+01,4.172129e+00,4.507969e+00,1.066612e+01,6.721934e+00,3.781258e+00,8.008065e+00,3.377338e+00,1.345851e+01,1.011818e+01,4.703392e+00,9.413483e+00,4.696812e+00,1.332379e+01,1.505162e+01,6.170476e+00,1.334442e+01,6.907588e+00,9.863946e+00,7.352183e+00,1.039321e+01,1.309165e+01,1.284032e+01,1.073281e+01,5.272730e+00,6.763284e+00,5.319270e+00,1.097108e+01,7.480220e-01,8.595169e+00,1.297263e+01,1.038377e+01,7.024894e+00,3.398637e+00,6.137879e+00,5.015279e+00,5.723858e+00,1.444165e+01,7.065870e-01,1.128493e+01,1.153347e+01,9.557065e+00,1.114002e+01,3.947176e+00,6.262183e+00,1.356256e+01,8.005171e+00,5.560296e+00,7.417850e-01,1.280771e+01,6.031351e+00,9.234222e+00,1.061211e+01,4.359364e+00,1.230672e+01,9.119553e+00,1.122720e+01,1.126450e+01,1.129858e+01,3.891852e+00,9.551649e+00,9.897193e+00,1.115870e+01,7.891372e+00,1.074550e+01,6.947647e+00,8.806959e+00,5.132401e+00,9.473353e+00,5.598900e+00,9.526059e+00,6.687577e+00,7.641649e+00,1.411370e+01,3.342083e+00,1.149204e+01,3.593041e+00,1.445545e+01,1.202735e+01,6.495452e+00,9.607019e+00,2.407559e+00,2.207380e-01,6.451120e+00,3.646539e+00,1.079554e+01,6.457313e+00,1.144269e+01,5.485424e+00,1.157324e+01,7.385707e+00,6.883198e+00,4.000370e+00,8.839190e+00,7.732564e+00,2.873000e-03,1.021465e+01,1.297200e-02,1.283529e+01,4.710423e+00,1.233443e+01,5.546957e+00,4.685924e+00,5.293622e+00,7.775683e+00,1.041596e+01,1.329171e+01,1.411787e+01,1.208392e+01,6.311554e+00,1.231347e+01,7.483850e-01,5.836670e+00,1.175149e+01,6.995492e+00,3.068632e+00,3.960294e+00,9.488181e+00,1.040603e+01,7.924227e+00,7.419832e+00,8.690838e+00,8.085137e+00,9.518328e+00,1.101563e+01,8.947967e+00,7.094016e+00,7.426947e+00,1.501846e+01,6.574147e+00,3.143853e+00,1.193170e+01,6.765817e+00,1.195900e-02,1.410554e+01,1.328500e-02,7.290735e+00,5.382849e+00,7.689807e+00,1.135344e+01,1.324474e+01,1.240760e+01,1.095965e+01,1.189115e+01,3.803934e+00,1.182500e-02,1.304640e+01,1.057430e+01,4.430771e+00,3.067580e+00,1.067415e+01,1.149106e+01,1.331404e+01,1.001605e+01,8.696327e+00,1.210400e-02,1.350704e+01,4.331951e+00,1.338026e+01,9.779081e+00,1.040094e+01,1.381200e-02,1.077342e+01,3.623593e+00,1.262847e+01,6.570883e+00,1.062712e+01,8.701783e+00,1.376369e+01,1.281129e+01,4.421721e+00,1.046743e+01,8.802599e+00,5.989417e+00,7.576220e+00,1.199277e+00,1.301001e+01,1.149907e+01,8.687499e+00,4.735823e+00,9.698560e+00,5.246237e+00,1.332400e-02,1.207800e-02,6.289115e+00,2.297490e-01,1.471422e+01,1.380311e+01,6.849376e+00,9.962640e+00,7.235322e+00,5.039150e+00,1.340024e+01,3.573306e+00,1.241285e+01,4.023503e+00,1.206800e-02,1.201860e+01,1.205001e+01,1.395627e+01,3.161104e+00,9.054405e+00,9.536340e-01,5.957546e+00,4.707991e+00,1.209619e+01,1.277500e+01,2.940000e-03,3.975054e+00,6.184115e+00,5.875476e+00,3.558651e+00,1.316011e+01,7.011883e+00,1.029652e+01,3.625911e+00,1.142770e+01,9.975441e+00,6.866093e+00,1.047004e+01,4.434660e-01,1.211571e+01,5.698892e+00,6.641884e+00,6.209556e+00,4.279530e-01,6.804324e+00,3.620864e+00,7.137398e+00,7.682941e+00,6.664971e+00,9.985726e+00,5.552530e+00,1.201812e+01,9.451974e+00,5.877666e+00,5.139671e+00,1.436900e-02,4.087215e+00,6.914745e+00,3.454906e+00,1.287914e+01,3.151180e+00,1.046128e+01,1.244739e+01,6.855039e+00,6.280916e+00,6.671432e+00,1.328722e+01,3.100000e-03,4.388493e+00,1.137015e+01,1.354000e-02,4.997772e+00,5.551988e+00,1.140100e-02,1.238592e+01,7.672703e+00,1.267900e-02,1.303892e+01,1.302100e-02,4.509089e+00,6.055903e+00,6.556910e+00,6.955279e+00,1.474573e+01,7.284090e-01,1.225862e+01,8.186473e+00,1.175733e+01,6.558255e+00,6.412745e+00,1.097998e+01,3.254400e+00,1.407540e+01,3.751834e+00,1.200700e-02,6.287610e+00,8.490261e+00,5.484321e+00,4.343723e+00,3.978634e+00,8.835278e+00,8.607569e+00,5.671324e+00,1.338700e-02,1.059357e+01,1.064045e+01,3.482078e+00,4.589741e+00,1.138995e+01,7.564849e+00,3.572390e+00,6.448164e+00,1.315000e-02,4.443073e+00,1.111931e+01,8.755747e+00,4.582300e+00,4.880431e+00,1.050838e+01,1.092636e+01,3.652267e+00,3.254591e+00,5.628743e+00,9.591450e+00,7.785306e+00,6.618235e+00,4.696735e+00,1.526138e+01,1.073933e+01,1.067218e+01,1.505300e-02,1.033088e+01,1.107853e+01,6.388698e+00,1.153389e+01,3.294722e+00,6.145910e+00,8.767772e+00,8.987396e+00,1.148081e+01,1.329256e+01,1.346824e+01,4.924156e+00,3.992198e+00,3.468794e+00,1.187753e+01,1.419084e+01,9.446575e+00,1.161508e+01,1.085746e+01,1.370953e+01,7.358056e+00,1.265836e+01,1.192800e-02,1.285740e+01,7.884566e+00,1.084747e+01,1.040858e+01,1.211800e-02,5.553911e+00,3.034800e-02,1.930595e+01,3.313332e+00,3.091939e+00,1.348300e-02,7.201347e+00,3.135290e+00,9.375461e+00,8.035602e+00,5.207035e+00,5.803693e+00,1.692624e+00,3.880813e+00,8.219378e+00,1.344788e+01,1.228384e+01,6.117886e+00,1.254215e+01,1.453605e+01,6.117656e+00,7.850852e+00,1.185012e+01,1.216505e+01,1.301036e+01,1.242021e+01,9.403831e+00,1.153290e+01,2.996991e+00,1.181600e-02,1.133599e+01,1.309636e+01,1.024010e+01,9.907515e+00,3.521122e+00,1.373134e+01,1.109191e+01,1.353200e-02,8.121146e+00,5.481534e+00,1.238400e-02,8.856530e-01,7.171458e+00,1.282800e-02,5.268129e+00,2.868581e+00,1.356700e-02,1.107100e-02,1.300800e-02,3.929271e+00,8.378117e+00,1.290529e+01,1.019401e+01,5.093618e+00,1.300800e-02,1.117298e+01,2.022800e-02,1.031377e+01,1.346700e-02,8.503333e+00,6.381174e+00,1.139113e+01,3.461392e+00,1.228600e-02,1.337695e+01,5.600383e+00,9.702057e+00,8.146139e+00,8.016200e+00,1.410400e-02,7.139728e+00,6.117143e+00,1.308200e-02,4.106381e+00,1.438884e+01,1.312954e+01,2.935341e+00,3.776891e+00,1.101800e-02,1.038951e+01,1.285600e-02,1.103500e-02,1.468881e+01,1.332500e-02,1.141490e+01,1.331100e-02,4.255814e+00,1.473469e+01,

Regression parameters
Slope (bjmp):4.008246e-06
Intercept (ajmp):7.278683e+00

