
Start time (time):1456784004660099500

Carving statistics:

carv-start-time,carv-file-no,carv-start-blk,carv-stop-time,carv-stop-blk,file-len-in-blocks,total-carved-blks,total-blks-processed
---------------------------------------------------------------------------------------------------------------------------------
Calculating time of sequentially reading 100000 512-byte blocks and checking each block for JPEG signature.
Nblocks, Start time, Finish time (in process timer ticks):
-------------------------------------------------

Calcluating regression for the linear test...
---
x[]:
1.000000e+00,1.000010e+05,2.000010e+05,3.000010e+05,4.000010e+05,5.000010e+05,6.000010e+05,7.000010e+05,8.000010e+05,9.000010e+05,
y[]:
4.700000e-04,1.018517e+03,1.017845e+03,1.026244e+03,1.040603e+03,1.063027e+03,1.094563e+03,1.106882e+03,1.120680e+03,1.131452e+03,

Regression parameters
Slope (blin):7.012588e-04
Intercept (alin):6.464144e+02


Calculating time of 1000 random block accesses. For each block a LIBLINEAR test for JPEG data is included into the timing.
Distance jumped (+/-), start time, finish time (in process timer ticks):
--------------------------------------------------

Calcluating regression for the jump test...
---
x[]:
7.380500e+05,-5.067920e+05,1.470660e+05,-6.472500e+04,3.162660e+05,-5.203370e+05,7.265420e+05,-6.270130e+05,3.151610e+05,-3.287910e+05,-2.722500e+04,5.036120e+05,-4.251340e+05,1.324800e+04,6.282180e+05,-5.131060e+05,1.876140e+05,-4.809300e+04,2.436060e+05,-4.980260e+05,-1.545440e+05,5.631200e+05,2.087000e+05,-6.842620e+05,-1.607100e+05,1.956060e+05,-1.384860e+05,7.701290e+05,-7.526150e+05,2.207690e+05,2.774900e+04,4.082700e+05,-2.047610e+05,9.355300e+04,-4.751940e+05,1.115050e+05,3.919550e+05,-6.486520e+05,3.844920e+05,-1.116220e+05,-1.587050e+05,4.385290e+05,3.107280e+05,-5.838390e+05,4.517770e+05,1.202070e+05,-1.969440e+05,-2.606100e+05,-9.148000e+03,1.279250e+05,6.010300e+04,-1.636930e+05,-1.276940e+05,1.875410e+05,1.333090e+05,-3.696670e+05,3.831470e+05,-5.177000e+03,-4.182770e+05,4.492720e+05,-6.031480e+05,4.282120e+05,3.880200e+04,1.083000e+04,-2.969740e+05,3.823480e+05,1.223340e+05,-7.237570e+05,6.336960e+05,-3.931750e+05,-1.664000e+04,4.749910e+05,4.535400e+04,-5.246510e+05,-1.088480e+05,4.971310e+05,-4.044440e+05,5.942090e+05,-7.447410e+05,4.864080e+05,-9.660500e+04,1.341010e+05,-4.960240e+05,5.944400e+05,-4.970970e+05,4.560240e+05,2.247740e+05,-3.268900e+04,-4.491530e+05,-1.935040e+05,4.165830e+05,-2.335620e+05,2.347080e+05,-3.633530e+05,-2.227320e+05,7.564730e+05,1.899400e+04,-1.913600e+04,-4.854600e+04,-1.660490e+05,-4.935720e+05,1.607500e+04,3.089420e+05,4.517830e+05,-5.898380e+05,2.000940e+05,4.891400e+04,-1.302000e+04,-1.056980e+05,1.229120e+05,-4.266130e+05,6.976990e+05,-5.617270e+05,-2.263600e+04,3.108760e+05,-7.756100e+04,4.333890e+05,-3.643520e+05,-1.102500e+05,-9.702600e+04,3.421460e+05,-5.936680e+05,6.506740e+05,-3.231470e+05,-1.382820e+05,4.279420e+05,-4.666750e+05,-3.802600e+04,4.088070e+05,-5.152220e+05,6.146640e+05,-3.503000e+03,-5.804090e+05,2.360500e+04,4.482800e+05,-1.889840e+05,2.236990e+05,-4.840690e+05,6.979970e+05,-7.820000e+05,6.201060e+05,-6.286170e+05,8.157000e+05,-8.416220e+05,2.487490e+05,1.453130e+05,6.207900e+04,-2.991250e+05,-1.377770e+05,7.705690e+05,-3.961520e+05,2.043690e+05,1.769010e+05,-6.454790e+05,-1.187770e+05,3.861800e+04,7.637270e+05,-5.854530e+05,5.920000e+02,1.912710e+05,-1.194110e+05,5.339930e+05,-7.122330e+05,2.001810e+05,-2.611410e+05,5.547860e+05,9.246000e+04,-1.187050e+05,1.519800e+05,-1.095450e+05,-7.040000e+02,-1.279150e+05,1.618400e+05,-1.662670e+05,-6.953600e+04,4.105880e+05,-8.396930e+05,8.112820e+05,-7.885380e+05,8.225320e+05,-2.181510e+05,-2.034270e+05,1.269010e+05,-4.125100e+04,5.109500e+04,-7.313800e+04,-2.633000e+03,-8.517900e+04,3.226720e+05,-8.330300e+04,1.060920e+05,-6.967400e+05,5.319520e+05,2.938600e+05,-4.965580e+05,2.708100e+05,-5.135400e+04,-4.040990e+05,7.084300e+04,1.006260e+05,3.863570e+05,-7.485990e+05,7.914490e+05,-2.705420e+05,-9.612700e+04,-9.682600e+04,5.878400e+04,4.544300e+04,-1.855440e+05,1.702460e+05,-1.132880e+05,4.963060e+05,-3.318100e+04,9.487500e+04,-5.262070e+05,1.791400e+04,1.029980e+05,3.711610e+05,-1.485270e+05,-4.743300e+05,3.691200e+05,-4.243500e+04,-2.710700e+05,1.071000e+03,2.514250e+05,5.111100e+04,2.718820e+05,-6.999310e+05,5.470130e+05,-4.760140e+05,3.006960e+05,3.337000e+04,-4.058750e+05,1.921450e+05,-2.371730e+05,4.792610e+05,9.531900e+04,-2.596500e+05,-3.752980e+05,8.097760e+05,-8.142000e+03,-4.885850e+05,4.060810e+05,-1.225850e+05,-3.937110e+05,-3.886400e+04,-1.046710e+05,5.280270e+05,-5.677050e+05,7.280650e+05,5.369700e+04,-1.985850e+05,-2.143710e+05,-2.986350e+05,-1.162510e+05,8.557930e+05,-2.475240e+05,1.556300e+05,-7.441390e+05,3.807510e+05,-3.203840e+05,3.752970e+05,4.141200e+05,-7.262580e+05,6.487030e+05,-8.043150e+05,6.530030e+05,-1.559790e+05,-8.270200e+04,2.777060e+05,-2.462040e+05,-9.084500e+04,-2.921410e+05,1.598770e+05,-2.134300e+05,2.954110e+05,3.975100e+04,-2.368390e+05,-7.656300e+04,3.720470e+05,4.099650e+05,-2.286700e+04,-6.452760e+05,1.143310e+05,5.785000e+05,-7.615280e+05,1.513850e+05,2.497140e+05,3.753650e+05,-6.740150e+05,6.304640e+05,5.498100e+04,-2.174560e+05,1.445840e+05,-7.525400e+05,5.125090e+05,2.402700e+05,-9.953600e+04,-5.434720e+05,1.575680e+05,1.781700e+05,2.906300e+04,6.672300e+04,-3.270900e+04,1.889400e+05,-2.279680e+05,2.627010e+05,-6.713100e+05,5.164560e+05,1.048770e+05,-2.180010e+05,-5.484300e+04,8.201000e+04,1.179860e+05,5.948900e+04,-2.394920e+05,1.751970e+05,2.108740e+05,-8.085170e+05,5.505620e+05,-4.631410e+05,6.406870e+05,-2.944590e+05,2.194040e+05,-3.346800e+04,-1.469970e+05,-2.493510e+05,2.068020e+05,-1.652710e+05,1.071790e+05,2.831070e+05,1.289900e+04,1.362420e+05,-5.501710e+05,6.145200e+04,2.439210e+05,2.031230e+05,-6.571100e+05,5.538740e+05,-2.616830e+05,4.290290e+05,-6.453900e+05,6.647370e+05,-3.889610e+05,2.913340e+05,-1.757750e+05,2.715480e+05,-3.522080e+05,3.510000e+04,2.817700e+05,-6.203860e+05,3.906980e+05,1.037180e+05,-1.484300e+04,-2.898990e+05,7.024900e+04,-2.431020e+05,4.420130e+05,1.957890e+05,-3.271110e+05,-4.320710e+05,5.601580e+05,-3.142120e+05,5.229110e+05,-8.087530e+05,5.659790e+05,-5.190700e+04,2.131100e+05,-9.870000e+03,-4.792960e+05,3.268900e+04,3.378980e+05,-1.434230e+05,-2.838380e+05,-5.106300e+04,2.291730e+05,4.403890e+05,-6.795170e+05,-1.230340e+05,3.942260e+05,-3.164850e+05,7.531900e+04,-1.150770e+05,6.872340e+05,6.047600e+04,-3.237140e+05,-2.237800e+05,-1.013640e+05,3.703800e+04,5.327000e+04,3.902640e+05,-3.950330e+05,-2.865730e+05,1.573140e+05,1.278780e+05,-2.765860e+05,7.232920e+05,7.597100e+04,1.778600e+04,-2.678400e+05,-3.220630e+05,-3.078800e+04,1.513200e+05,3.532530e+05,-2.333640e+05,1.002570e+05,-3.175750e+05,2.070250e+05,2.394790e+05,-4.406090e+05,6.012510e+05,-7.700500e+04,-3.652900e+05,-3.325650e+05,6.102280e+05,-3.860760e+05,2.437220e+05,-4.322900e+05,4.125610e+05,2.807590e+05,-3.790200e+05,-1.784380e+05,-1.142730e+05,3.156700e+05,-2.112400e+04,1.360400e+04,-4.217800e+04,-1.978330e+05,1.708380e+05,-2.439300e+04,4.343280e+05,-2.324870e+05,2.608100e+04,-3.956150e+05,2.020280e+05,-2.072830e+05,5.233810e+05,-3.428500e+04,-8.151900e+04,-5.587900e+04,-5.561560e+05,5.197310e+05,-5.162200e+04,-2.144500e+04,1.871660e+05,-3.413950e+05,4.924800e+05,-4.691120e+05,4.505300e+04,5.040000e+03,-1.883530e+05,5.660350e+05,-9.213600e+04,-3.026270e+05,-9.955800e+04,-1.132600e+05,6.109790e+05,-6.047500e+04,-3.923550e+05,-1.181840e+05,-3.606000e+03,4.197400e+04,5.493290e+05,-5.878700e+04,-3.536410e+05,-6.738200e+04,-2.660700e+05,1.697410e+05,-1.829300e+05,5.524120e+05,1.951240e+05,-7.390860e+05,1.721430e+05,6.223900e+04,1.394700e+05,3.593090e+05,-2.791560e+05,-1.867880e+05,-1.910660e+05,7.471610e+05,-2.630110e+05,-3.794180e+05,4.131940e+05,-3.551470e+05,2.179560e+05,3.948980e+05,-5.496690e+05,1.019600e+04,3.344230e+05,-4.202200e+04,-1.079890e+05,2.495550e+05,-4.800000e+01,-4.586610e+05,2.720300e+05,-3.536890e+05,3.739580e+05,-7.530200e+04,-1.026860e+05,1.910290e+05,-4.228910e+05,1.117500e+04,3.519440e+05,-2.507480e+05,1.546760e+05,-4.085860e+05,2.729800e+04,7.755220e+05,-5.953750e+05,-8.250500e+04,5.414190e+05,4.161500e+04,-3.806610e+05,5.461200e+04,-3.135310e+05,7.372950e+05,-4.504910e+05,-4.446100e+04,-1.525090e+05,-1.160690e+05,-5.221000e+03,5.582410e+05,1.334860e+05,7.599300e+04,-8.004200e+05,4.055150e+05,-2.776950e+05,3.922760e+05,-4.885260e+05,4.383580e+05,-3.166960e+05,-1.141600e+04,5.307960e+05,3.524800e+04,-3.434270e+05,-2.145290e+05,5.266630e+05,-2.348660e+05,-3.390090e+05,-1.499740e+05,6.638920e+05,2.024100e+05,-1.083590e+05,-6.980320e+05,2.570220e+05,4.781110e+05,3.926300e+04,-1.934690e+05,-3.850880e+05,-1.132470e+05,5.904630e+05,-4.715710e+05,4.449950e+05,-9.479100e+04,-3.955770e+05,5.445750e+05,-6.705390e+05,2.267290e+05,3.685000e+04,-2.590630e+05,7.463480e+05,-2.798450e+05,-2.704800e+05,3.771430e+05,-3.258590e+05,2.860950e+05,1.626140e+05,-6.179360e+05,5.122900e+04,-1.763950e+05,5.082900e+04,7.151210e+05,2.601600e+04,-5.753100e+04,9.835100e+04,-6.982250e+05,5.018430e+05,1.376130e+05,8.308000e+03,3.549200e+04,2.436700e+04,-3.012310e+05,-3.548170e+05,4.693620e+05,-4.772830e+05,1.496060e+05,1.139360e+05,-1.665590e+05,2.950730e+05,2.320480e+05,-4.256220e+05,1.414210e+05,-4.779800e+04,1.226380e+05,-3.814380e+05,5.263440e+05,-4.100060e+05,-2.188240e+05,-9.159200e+04,5.412240e+05,-4.764800e+05,4.049800e+04,3.563440e+05,-5.317260e+05,8.829690e+05,-4.453070e+05,-2.486880e+05,4.848110e+05,-3.076940e+05,-2.403800e+05,4.390410e+05,-2.833270e+05,3.583910e+05,8.422300e+04,-7.139660e+05,8.623710e+05,-7.474330e+05,2.999700e+05,-1.229270e+05,4.476410e+05,-3.679820e+05,2.701900e+05,-2.296780e+05,4.029590e+05,-4.259110e+05,2.076240e+05,1.105640e+05,6.408300e+04,-9.246200e+04,1.897200e+04,-2.946940e+05,4.123210e+05,-2.179100e+04,6.164900e+04,-1.194050e+05,4.243900e+04,-3.836580e+05,4.506470e+05,-3.727520e+05,2.086490e+05,-6.897340e+05,6.628900e+04,6.585000e+03,5.686570e+05,6.925000e+04,-7.073810e+05,6.122890e+05,2.218180e+05,-4.074100e+05,-4.106390e+05,6.694590e+05,4.334600e+04,-5.918700e+04,-5.414820e+05,4.463050e+05,-4.850980e+05,5.661430e+05,-3.431320e+05,4.789860e+05,-3.450570e+05,-3.241600e+05,1.842910e+05,-1.399800e+04,5.540500e+05,-5.727990e+05,-1.334020e+05,5.964880e+05,-1.377180e+05,-5.827560e+05,2.237360e+05,1.521930e+05,-3.724890e+05,2.900250e+05,7.751600e+04,2.774310e+05,-6.219890e+05,3.513990e+05,-1.028200e+04,4.998310e+05,-1.372740e+05,-4.209210e+05,2.692890e+05,-1.266600e+04,-4.801080e+05,5.465460e+05,-3.851000e+05,-1.464670e+05,2.939510e+05,1.717690e+05,-5.674830e+05,7.676330e+05,-1.523910e+05,-3.019300e+05,-1.463660e+05,4.016590e+05,-5.599000e+04,-2.797680e+05,9.814600e+04,-1.124460e+05,3.747700e+04,2.406200e+05,1.210100e+05,-4.162740e+05,5.306440e+05,-7.014750e+05,8.424200e+05,-9.134500e+04,-3.500760e+05,-6.786300e+04,3.272240e+05,-4.060880e+05,4.112180e+05,-3.034890e+05,3.999850e+05,-6.889000e+04,-6.569430e+05,9.614700e+04,6.846440e+05,-4.442550e+05,2.679160e+05,1.171610e+05,-4.953610e+05,3.426300e+04,-1.035060e+05,1.770110e+05,-3.828170e+05,6.592430e+05,-1.027560e+05,-2.846720e+05,-2.719410e+05,7.534590e+05,3.721000e+04,-2.321930e+05,-4.815540e+05,4.865920e+05,4.759500e+04,-5.391350e+05,3.952470e+05,-3.837420e+05,2.930030e+05,-9.626800e+04,2.890800e+04,-1.957800e+05,5.002440e+05,-3.898450e+05,6.353300e+05,-2.379610e+05,-2.936980e+05,4.199730e+05,-6.009540e+05,-2.578200e+04,4.558730e+05,-1.963150e+05,8.974300e+04,2.711050e+05,6.195900e+04,-3.743370e+05,1.116090e+05,-1.220590e+05,3.222540e+05,-2.415940e+05,-1.873390e+05,2.782020e+05,-4.737870e+05,3.123710e+05,-2.164700e+05,5.550720e+05,-3.080270e+05,2.600390e+05,9.006800e+04,-8.337630e+05,8.250900e+04,2.002380e+05,-1.295420e+05,5.014920e+05,-1.083460e+05,-4.754740e+05,3.447920e+05,-4.020440e+05,7.632380e+05,-2.561610e+05,-4.278270e+05,4.003720e+05,-4.524760e+05,5.619170e+05,-2.285240e+05,4.282220e+05,-7.124210e+05,7.830870e+05,-5.125770e+05,4.285720e+05,-2.772460e+05,2.000860e+05,-1.932280e+05,6.770700e+04,-3.875450e+05,4.903030e+05,-1.959600e+05,2.044290e+05,-1.496580e+05,-1.871550e+05,2.706680e+05,-6.715000e+04,9.434500e+04,5.986400e+04,-4.656590e+05,-1.400000e+04,5.656520e+05,-2.021280e+05,-4.160450e+05,4.288900e+05,-3.770280e+05,5.613000e+04,-1.520020e+05,1.517590e+05,5.367850e+05,-3.805250e+05,-3.200200e+05,-9.437400e+04,4.025610e+05,6.740400e+04,3.341980e+05,4.405300e+04,-6.325110e+05,1.409710e+05,1.930210e+05,-2.013170e+05,-1.874650e+05,-8.420100e+04,8.437500e+04,4.816150e+05,-2.713560e+05,3.550430e+05,-4.855350e+05,-9.574900e+04,4.149060e+05,-5.119300e+04,-1.910110e+05,8.055800e+04,-1.720600e+05,2.929450e+05,-4.718150e+05,3.509130e+05,3.490750e+05,-5.425550e+05,4.214110e+05,-1.414100e+04,-2.308000e+04,1.826530e+05,-1.085150e+05,-5.205200e+05,1.687950e+05,2.256830e+05,-4.764660e+05,5.175470e+05,-6.146100e+05,6.165560e+05,-5.025090e+05,1.666500e+04,5.323550e+05,-4.181350e+05,4.982800e+05,-5.577400e+05,-6.309200e+04,-6.851700e+04,2.465120e+05,3.518150e+05,-3.844800e+04,5.550000e+04,-4.676280e+05,6.082310e+05,-5.515550e+05,-3.944300e+04,5.914400e+04,-2.024810e+05,3.992650e+05,-4.194460e+05,6.833790e+05,-5.238150e+05,6.632070e+05,-4.063990e+05,-1.443340e+05,-6.799900e+04,-9.945300e+04,1.979380e+05,-3.691910e+05,1.046760e+05,-8.550600e+04,2.830100e+04,1.213400e+05,5.281110e+05,-4.710960e+05,6.196210e+05,-8.483690e+05,2.845520e+05,-2.676360e+05,2.981450e+05,-2.636350e+05,5.126550e+05,-5.463560e+05,1.687380e+05,2.208860e+05,-1.166490e+05,1.292950e+05,2.800300e+05,-3.191290e+05,4.472970e+05,-5.815400e+04,-6.170130e+05,-7.651800e+04,6.050530e+05,-4.214800e+04,-3.021140e+05,-2.816860e+05,6.771380e+05,-2.291400e+04,1.678630e+05,-3.692600e+04,-1.084200e+05,1.149020e+05,-8.155860e+05,5.009520e+05,-3.561940e+05,7.040360e+05,-4.286780e+05,-7.164300e+04,4.364000e+05,-4.927100e+04,-4.165400e+05,1.303170e+05,2.231110e+05,-2.478020e+05,4.324650e+05,-8.748000e+05,8.627550e+05,-2.687680e+05,-2.126660e+05,3.287900e+05,-2.456610e+05,7.032200e+04,2.522720e+05,-6.218710e+05,2.817400e+04,3.142000e+04,-3.556000e+03,-1.946890e+05,8.272460e+05,-6.544330e+05,5.871250e+05,-1.811760e+05,-5.395310e+05,7.528020e+05,-5.802240e+05,4.276000e+03,4.755740e+05,-1.089010e+05,-6.736700e+04,9.323500e+04,-2.394340e+05,-4.026440e+05,1.422890e+05,6.493900e+04,2.495550e+05,-4.065090e+05,1.714020e+05,1.310480e+05,3.059850e+05,-1.225260e+05,-3.589010e+05,6.032400e+04,-1.334650e+05,-1.066300e+05,4.197160e+05,-1.052910e+05,-1.564710e+05,4.161600e+05,-2.187180e+05,-2.292270e+05,5.804660e+05,-4.503320e+05,4.895980e+05,4.093600e+04,-6.787940e+05,-9.062600e+04,4.521200e+04,7.780430e+05,-1.995270e+05,-2.215500e+04,-1.099850e+05,-3.576990e+05,4.752020e+05,3.230500e+04,-3.740220e+05,-9.398200e+04,5.257960e+05,-2.026200e+05,3.706600e+04,-6.821900e+04,-3.251460e+05,4.969030e+05,
y[]:
2.328564e+01,7.502034e+00,1.309410e+01,3.545239e+00,1.293680e+01,4.700009e+00,7.837619e+00,1.486852e+01,9.576784e+00,7.536431e+00,1.177276e+01,8.553041e+00,1.297394e+01,1.194435e+01,1.009428e+01,1.178075e+01,8.831717e+00,1.349959e+01,9.098255e+00,7.276050e-01,6.457805e+00,1.081897e+01,1.189132e+01,8.699166e+00,5.598190e+00,1.049884e+01,5.765471e+00,8.593007e+00,6.194609e+00,1.185412e+01,6.402877e+00,1.043963e+01,1.077184e+01,1.194626e+01,8.913064e+00,1.253328e+01,5.989989e+00,7.422330e-01,1.031076e+01,7.089126e+00,1.234888e+01,1.449579e+01,1.020068e+01,9.179919e+00,5.974532e+00,6.963810e+00,6.389269e+00,7.157875e+00,1.192196e+01,5.186072e+00,8.106679e+00,2.706007e+00,5.914015e+00,1.132927e+01,6.775587e+00,1.407586e+01,1.072097e+01,1.113961e+01,4.717813e+00,1.264208e+01,6.811870e+00,1.286678e+01,8.513823e+00,3.482840e+00,5.575936e+00,1.443438e+01,5.264002e+00,7.092863e+00,4.889573e+00,5.650126e+00,4.266884e+00,1.212299e+01,5.703743e+00,1.237408e+01,1.018226e+01,9.916638e+00,9.988956e+00,8.374801e+00,5.556250e+00,7.222757e+00,3.515235e+00,1.405730e+01,1.087498e+01,1.344510e+01,1.224165e+01,1.331844e+01,6.699027e+00,9.638974e+00,1.048688e+01,4.977087e+00,1.590420e+01,1.289710e+01,6.789382e+00,1.285348e+01,5.326090e+00,1.441394e+01,5.120026e+00,7.614990e-01,5.039480e+00,1.524534e+01,9.868426e+00,2.587240e+00,6.538229e+00,1.065392e+01,6.359889e+00,5.608189e+00,6.594608e+00,8.694185e+00,6.553710e+00,7.880354e+00,7.597077e+00,8.677540e+00,1.042305e+01,9.291715e+00,1.128404e+01,7.538553e+00,5.109360e+00,1.173825e+01,1.406931e+01,8.340716e+00,8.508686e+00,8.542202e+00,1.052600e+01,7.716460e+00,5.620060e+00,1.082836e+01,6.746387e+00,1.180285e+01,4.744755e+00,4.253496e+00,1.300109e+01,5.271550e+00,8.399816e+00,1.048085e+01,8.531206e+00,1.144819e+01,3.334794e+00,1.169709e+01,1.023438e+01,1.480821e+01,1.354975e+01,1.422620e+01,1.451534e+01,1.176444e+01,1.350369e+01,9.665313e+00,1.321143e+01,1.026768e+01,1.443657e+01,1.188867e+01,1.387169e+01,6.805411e+00,9.239231e+00,1.184337e+01,8.380640e+00,3.809570e+00,9.157431e+00,1.009909e+01,4.435409e+00,1.022178e+01,8.320546e+00,1.060785e+01,1.482928e+01,4.565259e+00,1.424950e+01,6.633389e+00,7.357175e+00,1.506628e+01,1.114001e+01,1.431522e+01,4.431970e+00,5.982641e+00,2.855902e+00,4.215688e+00,1.276900e+01,8.354087e+00,6.417811e+00,9.519014e+00,1.434838e+01,6.083041e+00,8.619004e+00,1.162530e+01,8.623457e+00,1.483067e+01,1.326301e+01,1.157799e+01,1.221123e+01,1.335211e+01,1.097059e+01,1.411781e+01,1.112610e+01,1.169833e+01,1.418693e+01,8.244042e+00,1.018298e+01,1.246687e+01,1.036915e+01,1.396865e+01,8.122848e+00,1.034074e+01,4.121562e+00,7.357340e+00,1.028821e+01,6.704274e+00,1.184379e+01,9.784222e+00,1.295261e+01,6.425461e+00,6.015587e+00,9.280419e+00,4.708890e+00,1.521584e+01,7.849077e+00,1.213451e+01,1.044194e+01,1.170866e+01,3.700978e+00,8.256732e+00,7.862179e+00,9.005259e+00,1.378380e+01,7.822215e+00,1.525546e+01,8.040334e+00,6.169959e+00,1.198141e+01,1.256232e+01,7.184561e+00,7.993398e+00,7.076707e+00,8.317421e+00,7.968710e+00,5.631551e+00,3.944131e+00,5.264906e+00,1.331228e+01,5.397849e+00,3.626841e+00,1.202542e+01,8.912748e+00,9.829556e+00,5.289998e+00,1.271100e-02,1.271881e+01,1.274849e+01,5.503603e+00,1.236313e+01,1.404114e+01,6.168165e+00,8.121938e+00,1.000878e+01,7.128651e+00,8.407827e+00,1.526767e+01,6.574618e+00,9.944011e+00,1.619338e+01,7.903526e+00,9.992117e+00,1.215306e+01,9.168579e+00,1.013989e+01,5.735538e+00,6.838881e+00,4.088657e+00,1.640232e+01,1.222901e+01,1.332547e+01,1.259452e+01,5.528218e+00,5.901993e+00,9.790489e+00,1.402300e+01,9.941343e+00,5.774551e+00,7.206781e+00,1.367027e+01,7.784036e+00,1.005567e+01,5.203544e+00,1.338015e+01,7.556065e+00,1.145211e+01,1.477266e+01,8.488029e+00,8.746277e+00,3.594312e+00,1.415663e+01,1.062031e+01,7.530996e+00,1.524778e+01,7.483609e+00,1.408230e+01,4.205591e+00,6.434734e+00,6.245224e+00,1.134651e+01,9.789269e+00,1.081590e+01,1.107024e+01,9.059555e+00,1.261457e+01,1.114490e+01,1.279350e+01,1.213055e+01,1.101281e+01,3.880232e+00,1.509606e+01,4.988504e+00,1.311940e+01,6.674687e+00,3.574416e+00,8.813577e+00,5.488421e+00,8.072505e+00,1.387274e+01,4.466857e+00,7.329088e+00,1.302312e+01,4.032863e+00,1.185892e+01,1.475463e+01,4.995964e+00,1.130464e+01,7.151016e+00,9.917338e+00,1.216651e+01,7.386210e+00,9.948635e+00,1.091980e+01,1.593045e+01,1.293964e+01,5.982560e+00,8.314419e+00,1.210520e+01,1.314400e-02,5.661701e+00,1.335256e+01,9.448667e+00,1.022954e+01,7.929277e+00,4.657847e+00,6.373154e+00,4.806293e+00,1.325974e+01,1.026889e+01,1.190869e+01,8.634107e+00,5.529185e+00,6.155332e+00,4.876368e+00,6.279865e+00,1.413753e+01,9.006349e+00,1.044231e+01,3.682230e+00,9.064450e+00,6.784663e+00,5.800486e+00,8.495014e+00,6.188204e+00,8.041214e+00,1.032233e+01,4.837761e+00,6.495086e+00,1.281660e+01,6.229631e+00,4.700512e+00,4.107023e+00,8.873381e+00,1.333118e+01,1.187631e+01,1.092516e+01,6.973214e+00,1.253327e+01,7.167345e+00,7.645977e+00,1.181052e+01,1.344828e+01,1.471346e+01,9.138438e+00,6.198670e+00,1.340965e+01,8.576402e+00,1.194265e+01,4.301503e+00,1.331816e+01,1.133890e+01,1.275311e+01,5.430217e+00,1.415598e+01,1.115862e+01,1.084853e+01,9.149853e+00,1.407035e+01,5.290913e+00,1.254820e+01,7.790101e+00,5.715649e+00,1.088452e+01,6.105798e+00,6.358343e+00,1.594149e+01,1.409835e+01,9.423995e+00,5.877900e+00,1.062364e+01,7.603430e+00,8.737937e+00,1.125353e+01,5.839869e+00,1.072349e+01,7.986058e+00,6.486835e+00,1.246913e+01,5.336165e+00,9.995615e+00,5.970800e+00,5.672188e+00,8.309453e+00,1.466721e+01,9.777098e+00,9.697831e+00,7.031084e+00,1.193400e+01,2.451296e+00,1.120545e+01,1.276792e+01,1.378333e+01,5.742266e+00,8.799993e+00,1.137800e+01,7.920834e+00,6.779985e+00,1.035679e+01,1.130257e+01,1.008363e+01,5.655031e+00,1.170379e+01,6.951449e+00,1.369902e+01,8.151238e+00,8.350508e+00,8.519647e+00,5.409780e+00,9.642477e+00,4.495776e+00,1.395281e+01,8.516087e+00,8.660098e+00,4.770480e+00,1.493643e+01,6.151987e+00,8.447899e+00,8.746746e+00,8.620778e+00,7.442238e+00,7.669637e+00,1.183149e+01,1.288589e+01,1.458865e+01,8.865990e+00,8.269371e+00,3.196908e+00,5.184798e+00,4.456504e+00,5.025020e+00,3.862154e+00,6.832863e+00,9.643831e+00,8.539782e+00,9.186936e+00,1.214689e+01,3.240346e+00,4.715494e+00,9.613968e+00,1.147300e+01,6.812195e+00,5.558262e+00,1.536426e+01,6.811968e+00,1.032767e+01,8.488090e+00,1.473266e+01,1.186523e+01,1.010889e+01,1.202984e+01,8.512281e+00,8.832643e+00,1.240211e+01,6.894245e+00,5.170058e+00,3.535490e-01,1.256075e+01,5.854123e+00,4.771325e+00,9.830161e+00,6.433811e+00,9.809046e+00,5.250318e+00,1.040805e+01,4.719226e+00,1.402857e+01,8.055657e+00,1.053339e+01,8.044916e+00,9.064535e+00,8.778557e+00,1.480110e+01,1.211150e+01,9.874515e+00,6.646690e+00,1.091860e+01,5.734364e+00,1.044296e+01,9.377346e+00,1.011208e+01,1.352846e+01,7.123324e+00,5.969227e+00,1.084090e+01,1.446904e+01,9.802989e+00,7.489712e+00,1.443013e+01,1.062097e+01,4.955783e+00,9.797233e+00,7.472250e+00,9.491724e+00,1.119558e+01,4.209510e+00,5.015742e+00,9.025741e+00,1.375919e+01,5.506242e+00,5.545567e+00,7.860013e+00,6.688336e+00,1.175155e+01,6.151345e+00,1.397821e+01,8.121525e+00,1.175005e+01,6.214726e+00,6.382934e+00,8.127974e+00,7.101627e+00,6.631881e+00,6.321919e+00,1.416396e+01,5.189092e+00,1.382775e+01,7.619936e+00,1.441100e-02,5.760093e+00,1.114043e+01,6.856210e-01,1.024088e+01,4.945581e+00,7.846799e+00,9.695878e+00,7.184935e+00,4.577627e+00,6.740060e+00,1.280589e+01,1.177865e+01,1.351808e+01,9.496922e+00,7.353673e+00,7.955711e+00,1.112700e+01,7.620792e+00,1.395697e+01,1.101779e+01,1.031011e+01,1.285352e+01,1.157075e+01,2.652883e+00,1.082749e+01,9.860866e+00,1.384977e+01,7.483528e+00,1.012926e+01,1.236861e+01,1.274903e+01,5.221980e+00,1.140413e+01,1.073401e+01,9.344901e+00,1.032820e+01,6.926747e+00,4.544526e+00,4.437603e+00,4.859134e+00,1.285609e+01,9.498233e+00,9.190997e+00,4.153548e+00,1.451441e+01,1.036318e+01,8.194886e+00,1.010694e+01,9.538753e+00,8.923189e+00,5.477806e+00,6.033122e+00,1.271627e+01,1.065542e+01,6.772484e+00,7.219927e+00,1.074961e+01,1.102497e+01,5.292454e+00,1.158492e+01,7.894708e+00,5.868813e+00,6.784376e+00,1.452256e+01,4.271884e+00,5.849915e+00,7.847930e+00,1.232267e+01,1.145158e+01,6.766845e+00,1.078441e+01,5.756921e+00,7.448459e+00,2.856432e+00,1.080869e+01,1.430995e+01,1.165899e+01,4.478298e+00,9.969148e+00,1.347784e+01,3.231218e+00,7.663726e+00,1.324954e+01,1.275957e+01,8.360433e+00,8.600657e+00,4.580820e+00,1.052849e+01,1.349042e+01,1.232814e+01,9.239221e+00,3.906829e+00,1.171036e+01,7.152211e+00,1.285435e+01,1.266200e-02,1.357842e+01,6.273302e+00,5.788939e+00,1.313847e+01,1.513458e+01,1.400931e+01,4.930372e+00,1.291716e+01,1.129608e+01,1.060846e+01,3.899702e+00,4.697859e+00,1.247002e+01,6.493294e+00,3.676251e+00,7.976372e+00,9.821207e+00,1.266160e+01,3.573601e+00,1.204572e+01,1.539650e+01,5.677041e+00,4.919408e+00,1.218553e+01,1.393921e+01,1.181000e-02,1.053618e+01,9.375184e+00,5.172746e+00,1.042051e+01,1.581862e+01,3.481024e+00,1.232358e+01,4.451719e+00,6.578403e+00,4.162706e+00,1.156961e+01,9.044700e-01,5.630390e+00,9.297454e+00,9.423943e+00,8.632619e+00,9.287083e+00,9.826029e+00,4.707260e+00,8.318126e+00,1.116351e+01,1.303526e+01,3.924762e+00,4.213216e+00,1.308446e+01,1.000251e+01,4.891258e+00,5.377575e+00,1.147575e+01,1.380108e+01,1.386260e+01,4.181812e+00,5.223055e+00,1.341783e+01,7.013868e+00,7.657312e+00,6.942083e+00,7.916153e+00,1.321277e+01,4.172569e+00,5.296926e+00,8.353364e+00,1.203800e-02,1.405363e+01,4.437523e+00,1.135796e+01,3.629853e+00,1.148407e+01,1.536065e+01,1.008675e+01,9.711168e+00,1.074544e+01,6.935440e-01,1.169841e+01,3.619593e+00,1.180249e+01,1.117369e+01,1.000081e+01,1.279387e+01,1.365470e+01,1.268692e+01,7.003786e+00,1.608581e+01,1.538380e+01,1.007062e+01,1.040884e+01,1.389415e+01,9.783709e+00,1.480953e+01,5.468641e+00,4.613079e+00,1.074019e+01,1.183522e+01,1.286064e+01,6.868024e+00,3.852956e+00,1.404491e+01,8.606067e+00,1.085317e+01,9.630473e+00,1.155652e+01,1.141190e+01,6.386214e+00,1.069389e+01,1.046144e+01,1.186304e+01,1.032015e+01,1.362710e+01,1.276953e+01,9.421433e+00,1.287338e+01,4.732332e+00,1.360100e-02,1.480237e+01,5.947837e+00,7.222996e+00,1.425045e+01,1.246037e+01,6.180343e+00,8.210514e+00,7.549527e+00,8.505810e+00,5.495957e+00,9.675332e+00,8.844835e+00,1.229668e+01,1.466092e+01,1.152845e+01,1.185163e+01,1.298481e+01,1.212307e+01,1.152089e+01,1.468540e+01,4.278652e+00,6.740654e+00,8.873679e+00,9.439565e+00,1.435943e+01,8.745029e+00,4.033773e+00,8.727153e+00,1.127935e+01,1.051882e+01,4.296318e+00,1.144928e+01,1.122545e+01,6.771591e+00,1.133626e+01,9.335801e+00,4.638874e+00,1.206197e+01,9.683959e+00,1.320456e+01,6.852079e+00,8.839656e+00,5.722423e+00,3.257058e+00,7.138577e+00,1.127919e+01,1.309819e+01,1.169003e+01,1.387127e+01,6.951853e+00,1.375738e+01,8.616337e+00,7.620380e+00,1.051531e+01,6.225789e+00,1.053977e+01,7.740012e+00,1.283178e+01,7.698751e+00,7.501230e-01,1.218218e+01,5.617491e+00,5.370739e+00,1.012699e+01,1.349708e+01,1.132569e+01,1.157027e+01,5.976397e+00,1.545243e+01,7.954279e+00,1.420215e+01,5.091552e+00,1.098800e-02,4.335697e+00,5.576420e+00,1.201476e+01,1.327272e+01,5.929148e+00,1.359088e+01,7.273307e+00,1.279607e+01,7.180885e+00,8.439394e+00,1.012407e+01,3.792097e+00,9.644986e+00,7.796871e+00,1.041454e+01,8.068489e+00,6.971093e+00,5.854479e+00,8.435874e+00,1.140960e+01,8.315043e+00,1.067565e+01,7.493734e+00,1.205534e+01,8.621220e+00,1.239382e+01,1.254900e-02,1.462581e+01,7.467120e+00,1.101362e+01,1.061945e+01,8.751031e+00,1.366905e+01,5.670704e+00,9.875723e+00,7.879992e+00,4.625762e+00,1.278537e+01,8.764241e+00,4.863671e+00,1.123807e+01,1.362047e+01,7.602765e+00,7.849858e+00,9.947248e+00,5.509861e+00,1.355897e+01,1.470154e+01,1.381856e+01,1.070998e+01,1.122890e+01,1.642190e+01,1.409177e+01,9.321363e+00,5.299346e+00,5.322091e+00,9.743778e+00,6.013781e+00,4.356145e+00,8.643824e+00,7.498160e+00,7.501080e-01,3.011903e+00,7.537857e+00,7.873974e+00,7.437475e+00,8.952603e+00,1.033276e+01,1.099885e+01,6.229275e+00,7.264941e+00,1.195536e+01,7.191035e+00,5.854784e+00,9.594224e+00,7.759914e+00,1.527953e+01,7.085107e+00,8.059501e+00,3.550197e+00,5.568204e+00,5.816857e+00,5.243154e+00,4.560660e+00,6.126042e+00,1.494151e+01,6.484732e+00,8.602893e+00,3.614910e+00,7.862055e+00,1.488781e+01,1.223608e+01,1.503879e+01,1.288091e+01,5.443093e+00,7.421538e+00,8.507627e+00,1.157321e+01,1.555119e+01,3.535409e+00,9.423944e+00,3.900001e+00,7.516684e+00,1.228313e+01,6.240926e+00,4.853556e+00,9.010581e+00,1.072031e+01,6.294112e+00,9.092149e+00,2.896962e+00,6.786964e+00,8.059106e+00,9.664812e+00,9.549180e+00,7.407908e+00,1.192800e-02,6.752390e+00,5.056594e+00,1.296031e+01,1.527413e+01,6.239908e+00,1.131378e+01,7.722060e+00,1.015955e+01,5.961716e+00,9.783320e+00,2.837398e+00,1.106678e+01,7.482830e+00,5.981552e+00,9.665178e+00,1.325074e+01,7.226030e-01,5.777790e+00,7.151638e+00,6.344618e+00,1.343935e+01,1.265612e+01,7.676384e+00,1.233550e+01,3.767578e+00,8.252801e+00,1.080693e+01,1.324565e+01,1.137769e+01,5.245136e+00,1.343746e+01,6.375296e+00,1.051275e+01,7.038744e+00,8.780160e+00,1.477706e+01,4.124209e+00,9.631445e+00,1.214314e+01,8.240648e+00,

Regression parameters
Slope (bjmp):2.149896e-06
Intercept (ajmp):8.412215e+00

