
Start time (time):1465548662109202706

Carving statistics:

carv-start-time,carv-file-no,carv-start-blk,carv-stop-time,carv-stop-blk,file-len-in-blocks,total-carved-blks,total-blks-processed
---------------------------------------------------------------------------------------------------------------------------------
Calculating time of sequentially reading 100000 512-byte blocks and checking each block for JPEG signature.
Nblocks, Start time, Finish time (in process timer ticks):
-------------------------------------------------

Calcluating approcimation of linear scanning time...
---
x[]:
1.000000e+02,1.000010e+07,2.000010e+07,3.000010e+07,
y[]:
5.074000e-03,2.018731e+03,2.987115e+03,3.914053e+03,

Regression parameters
Slope (blin):1.304683e-04
Intercept (alin):-7.972826e-03


Calculating time of 1000 random block accesses. For each block a LIBLINEAR test for JPEG data is included into the timing.
Distance jumped (+/-), start time, finish time (in process timer ticks):
--------------------------------------------------

Calcluating regression for the jump test...
---
x[]:
1.934692e+08,-1.538069e+08,1.151706e+08,-4.943130e+07,4.711776e+07,-7.635861e+07,-7.112357e+07,1.497132e+08,-1.419822e+08,1.895407e+08,-3.727677e+07,5.939714e+07,-2.286061e+07,-1.446110e+08,-2.818278e+07,8.897272e+07,-3.374362e+07,1.091557e+08,-6.785534e+07,-6.961864e+07,6.424689e+07,-8.744710e+07,-2.463376e+07,1.615200e+08,4.250418e+07,-1.710385e+08,4.200528e+07,7.639126e+07,1.069455e+07,-2.000566e+07,-1.319314e+08,7.345585e+07,9.813787e+07,-5.426962e+07,6.153337e+07,-8.918601e+07,1.038134e+08,-9.590205e+06,2.301842e+07,-3.816881e+07,-1.698232e+07,-1.425835e+07,2.122833e+07,-3.984293e+07,3.806347e+07,-6.954452e+06,4.912978e+07,-1.926130e+08,1.022013e+08,-1.872555e+07,-2.778997e+07,-6.799347e+07,1.282690e+08,-8.993255e+07,9.352657e+07,-6.366847e+07,1.097938e+07,1.355318e+08,-2.478603e+07,2.167393e+07,-1.189155e+08,1.152330e+08,-1.393119e+08,-2.077759e+07,6.096340e+07,-7.777849e+07,8.696923e+07,-6.966483e+07,1.470729e+08,-8.694519e+07,-1.078336e+08,9.258181e+07,-1.012035e+08,1.478363e+08,-1.441940e+08,1.713016e+08,-9.355976e+07,1.018687e+08,1.619741e+07,-2.886728e+07,-1.137897e+08,-4.910137e+07,1.375809e+08,1.447928e+07,-1.390339e+08,-3.334182e+06,-1.168037e+07,1.063871e+08,-1.022440e+08,1.604664e+08,-6.887179e+07,1.328220e+07,4.125780e+07,-1.125082e+07,-7.495393e+06,-9.471164e+07,1.454123e+08,-1.549678e+08,7.006518e+07,5.804363e+07,-4.498017e+07,-3.776846e+07,-4.630739e+07,8.825794e+07,-1.243738e+08,6.431494e+06,6.262669e+07,-2.100071e+07,1.458090e+08,-1.931264e+08,1.845737e+08,3.201926e+07,-2.047189e+08,8.771290e+07,8.989725e+06,-7.180238e+07,8.437872e+07,-4.019946e+07,3.458473e+07,-1.786526e+07,-7.666586e+07,1.626458e+08,-4.583065e+06,2.100753e+06,-8.304671e+07,-1.207846e+07,1.043219e+08,-1.345672e+08,6.739538e+07,-6.005452e+07,1.204093e+08,2.241521e+07,-6.031417e+07,3.659306e+07,-8.625968e+07,1.224489e+07,8.053337e+07,-6.114181e+07,-8.755815e+06,-8.099305e+06,1.768229e+07,-5.862381e+07,-1.358886e+07,8.491384e+07,-8.419718e+06,3.290968e+07,-2.439736e+07,-1.209738e+08,1.896430e+08,-1.867455e+08,5.809374e+07,1.504860e+08,-2.409970e+07,-1.809310e+08,1.150779e+08,-1.071464e+08,4.143222e+07,2.246706e+07,-7.271962e+06,1.088276e+08,-7.509628e+07,-1.213044e+08,1.312428e+08,-1.354105e+08,1.872392e+08,4.498312e+07,-1.231656e+08,-4.177929e+06,2.135013e+07,1.025203e+08,-4.978605e+07,3.903242e+07,-1.905452e+08,-2.586610e+07,8.643744e+07,7.298557e+07,-3.046523e+07,9.954890e+07,-8.549708e+07,-7.526383e+07,1.472451e+08,1.010548e+07,-1.592195e+08,8.563657e+07,6.361616e+07,-6.632718e+06,-2.150983e+07,-1.293933e+08,-2.167448e+07,-2.878180e+07,2.138760e+08,-5.926195e+07,-1.500861e+08,1.106771e+08,3.976925e+07,3.715302e+07,-1.162902e+08,-8.339631e+07,7.048391e+07,1.019927e+08,5.663278e+07,-2.137438e+08,1.410252e+08,6.302043e+07,-5.168234e+06,-2.039119e+08,1.360060e+08,-7.314228e+07,1.300787e+08,-1.839327e+08,1.235444e+08,5.373303e+06,-1.363184e+08,1.612577e+08,-1.059230e+08,1.242306e+08,-7.981665e+07,1.070089e+08,-2.020955e+08,1.329505e+08,7.822706e+07,-2.572838e+07,-1.232443e+08,-7.185908e+07,4.743994e+07,-4.596620e+07,1.997356e+08,-6.885028e+07,-1.293625e+08,-1.730967e+06,3.314247e+07,1.617119e+08,1.896690e+07,-2.276520e+07,-4.721810e+07,1.379866e+07,7.764585e+06,-1.081449e+08,1.375892e+08,-9.659838e+07,-2.012720e+07,-1.081690e+07,-5.371626e+07,4.048721e+07,-4.649202e+07,3.729361e+07,1.647178e+08,-8.879986e+07,-9.013918e+07,1.595551e+08,-1.527822e+08,-1.191212e+07,1.338267e+08,-7.909361e+07,-8.377120e+07,2.187754e+08,-1.250598e+08,7.845556e+07,-8.451648e+07,-1.998066e+07,7.672460e+07,-1.386519e+07,-1.302192e+08,1.332003e+08,-7.413920e+07,5.700435e+07,-8.744268e+07,1.680670e+08,-1.363177e+07,-1.842951e+08,3.395983e+07,-3.375896e+07,7.683845e+07,-1.975643e+07,-3.078057e+07,3.034643e+07,1.753718e+07,-6.299562e+07,1.759882e+08,-1.101108e+08,1.340683e+08,-1.430277e+07,-1.220229e+08,3.345331e+07,-5.588756e+07,2.864750e+07,-1.972171e+07,5.349429e+07,-8.982976e+07,1.302035e+08,3.351363e+07,-1.310516e+07,-1.556122e+08,1.377361e+08,-1.143465e+08,4.219907e+07,-3.970121e+07,-4.856345e+06,-2.417555e+07,1.811087e+08,-1.516426e+08,9.784282e+06,1.098409e+08,-7.480419e+07,-9.972150e+06,1.165691e+08,-4.445775e+07,7.565028e+06,1.606471e+07,-1.029112e+08,-6.503697e+07,1.501330e+08,-1.172139e+08,4.738174e+07,-5.085536e+07,6.134015e+07,3.852042e+07,-3.306826e+07,1.148344e+08,-5.130934e+07,5.962639e+07,-8.609358e+07,-6.441450e+07,-5.847699e+07,1.413369e+07,5.568065e+07,-1.627792e+07,-2.556752e+07,8.833312e+07,-7.796228e+07,-4.139167e+07,1.336233e+08,-3.066918e+07,3.094041e+07,-1.381137e+08,1.938003e+08,-1.244409e+08,5.187018e+07,-3.307631e+07,-7.086738e+07,1.834007e+08,-1.356221e+08,7.926559e+07,-1.307461e+08,1.086925e+08,6.591904e+07,-1.069148e+08,-4.971994e+07,-4.658032e+06,7.919639e+06,1.334124e+08,-1.794733e+08,1.937765e+08,3.148906e+07,-3.508628e+06,-2.234643e+08,8.716970e+07,-5.729536e+07,-1.459013e+07,2.130116e+08,-1.352576e+08,-9.349062e+07,1.497021e+08,6.851482e+07,-6.255021e+07,-2.592042e+07,2.787348e+07,-1.494823e+08,2.594976e+07,-5.202822e+06,-2.341685e+07,2.093504e+08,-1.408249e+08,9.335755e+07,4.109547e+07,5.376368e+06,-1.126739e+08,-6.581932e+07,1.900981e+08,-7.982309e+07,-5.789969e+07,8.906880e+07,-6.236355e+07,-6.105599e+07,1.205579e+08,-6.587218e+07,-8.758743e+07,2.077276e+08,-8.565872e+07,-1.021776e+08,1.487887e+08,1.352528e+07,-1.581594e+08,2.654038e+07,1.195489e+08,-2.377674e+07,3.812878e+07,-1.245281e+08,9.869142e+07,2.656972e+07,-1.297309e+08,1.127834e+08,1.478485e+06,-3.611416e+07,-2.830071e+07,5.065139e+06,-3.073779e+07,-1.034658e+08,1.736875e+08,-7.508136e+07,1.364397e+07,-8.114506e+07,-2.352137e+07,1.857221e+08,-1.422011e+08,9.703649e+07,-1.145918e+08,4.216199e+07,7.032241e+07,3.419118e+07,-9.752438e+07,2.217831e+07,4.771646e+07,-2.124210e+07,4.871868e+07,-1.046851e+08,-4.501883e+07,8.684746e+07,5.228502e+06,9.118141e+07,-1.210245e+08,1.099393e+08,-6.798567e+07,-1.195460e+08,7.382511e+07,1.381553e+08,-1.144808e+08,8.059614e+07,-2.819315e+06,-1.377262e+08,-3.199403e+07,1.082466e+07,1.557038e+07,-1.800658e+07,1.965467e+08,-1.266307e+08,7.902991e+07,-1.524867e+08,1.124641e+08,-8.508933e+07,1.161462e+08,5.244858e+07,-1.004198e+08,-7.057903e+07,3.120648e+07,-5.170116e+07,5.917753e+07,2.369647e+07,3.514630e+07,6.440604e+07,-1.570726e+08,1.485635e+08,-6.009635e+07,4.689221e+07,-8.491322e+06,5.123758e+07,-8.690299e+07,-1.229722e+08,1.318337e+08,-8.972230e+07,-2.625674e+07,1.373485e+08,-7.889764e+07,-1.068636e+07,1.193419e+08,-1.543014e+08,9.712461e+07,-3.606982e+07,-7.234640e+07,1.265593e+07,7.577367e+07,4.379976e+07,-1.318283e+08,-2.464617e+07,2.076624e+08,-1.006218e+08,-1.138561e+08,3.239826e+07,-3.941656e+07,1.182230e+08,-1.001285e+08,3.795249e+07,-5.164000e+06,7.421677e+07,8.484470e+07,-2.105882e+08,1.254543e+08,-3.956710e+07,-6.160986e+07,2.284641e+07,1.051522e+08,-8.786659e+07,1.601949e+08,-2.081870e+08,9.837988e+07,4.509518e+07,-1.280468e+08,-1.428340e+06,-2.848345e+07,7.155729e+07,1.122759e+07,4.729022e+07,-1.190846e+08,7.633209e+07,2.264405e+07,8.857778e+07,1.321906e+07,-9.121210e+07,-1.134656e+08,1.707353e+08,-1.699219e+08,2.177803e+08,-2.575383e+07,-1.375771e+08,5.755546e+07,2.158206e+07,-1.137236e+08,-1.392303e+07,-1.798505e+07,2.159934e+07,8.923386e+06,1.246760e+08,-1.037761e+08,1.691183e+08,-8.351104e+07,3.211263e+07,-5.773698e+07,6.039265e+07,-6.824524e+06,-4.871162e+07,-1.024917e+08,4.403062e+06,1.955114e+08,1.286534e+07,-1.537065e+08,2.122265e+07,1.014431e+08,-1.779963e+08,1.644522e+08,-1.202249e+07,-7.260929e+06,-5.469737e+06,8.825019e+06,-3.301476e+07,5.388597e+07,-1.680612e+08,-1.143270e+07,2.121128e+08,-2.194930e+08,8.091069e+06,1.962033e+08,-1.730608e+08,9.525827e+07,-1.045056e+08,1.929903e+08,-1.851856e+08,1.245399e+08,-6.167949e+07,1.096487e+08,-1.542351e+08,1.615594e+08,-3.035183e+07,-1.498320e+08,1.226291e+08,2.002232e+07,-6.909688e+07,-9.058985e+07,8.395662e+07,2.485733e+07,3.635354e+07,-1.249987e+08,1.759640e+07,3.088380e+07,8.075915e+07,-1.541835e+07,8.476977e+07,-4.979320e+07,-2.685105e+07,2.493211e+07,2.664243e+06,-5.626880e+07,2.420261e+07,2.653626e+07,-1.579434e+08,1.166299e+08,2.259375e+07,-1.086873e+08,-3.078069e+07,-1.576925e+06,1.978942e+08,-1.475070e+08,1.224736e+08,-2.939046e+07,-6.289735e+07,1.066111e+07,-4.687695e+07,1.024474e+08,-7.992874e+07,3.707966e+07,-6.962808e+07,-4.357520e+07,1.465226e+08,-8.954049e+07,-1.269139e+07,3.034893e+07,1.294828e+08,-1.998721e+08,2.149974e+08,-1.318099e+08,9.701049e+07,-1.678003e+07,8.854132e+06,-1.132285e+08,4.726504e+07,8.535242e+07,3.401325e+06,-1.645829e+08,1.735979e+08,-2.737937e+07,-1.661598e+08,1.370505e+08,-1.373775e+08,1.907555e+08,-1.642904e+08,3.416678e+07,-3.302505e+07,6.078307e+07,-9.782745e+07,1.214879e+08,9.786274e+07,-2.049643e+08,7.791267e+07,9.943702e+06,-6.006318e+07,6.522128e+07,4.029263e+07,6.941962e+07,-9.714199e+07,2.084836e+07,-6.239028e+07,-1.315020e+05,4.068323e+06,-9.104496e+07,1.585904e+08,1.382455e+07,3.181627e+07,-1.099587e+08,8.368335e+07,-2.902746e+07,-9.982928e+07,1.519652e+08,-1.264186e+08,-4.027396e+07,1.457879e+08,-5.626741e+07,-4.361600e+07,-8.417001e+07,4.515664e+06,5.548939e+07,3.731786e+07,1.023784e+08,-1.494750e+08,1.527393e+08,-1.596284e+08,6.241233e+07,-5.398984e+07,1.526147e+08,-1.026097e+08,8.330982e+07,-6.097856e+07,3.193285e+07,-1.512633e+08,1.775314e+08,-2.160330e+07,-3.018174e+07,-5.576866e+06,-2.729585e+07,9.430118e+07,-1.563352e+08,-1.881449e+07,-5.528093e+06,-4.369949e+06,8.920854e+07,-8.331087e+07,1.414179e+08,3.294114e+07,-1.269269e+08,5.724792e+07,3.745680e+07,-7.143748e+07,1.320746e+08,-9.460645e+07,1.352922e+07,1.286347e+07,-1.979316e+07,7.594154e+07,-4.112637e+07,-6.411126e+07,-6.417698e+07,4.218344e+07,1.468606e+08,-6.975294e+07,-7.157108e+07,5.244160e+07,-9.135624e+07,1.326888e+08,4.686473e+07,-8.114328e+07,-7.451630e+06,-1.094704e+08,9.697507e+07,-1.297972e+07,-7.633156e+07,1.486748e+08,-9.629060e+07,6.508636e+07,-1.531690e+07,1.122418e+07,-1.121074e+08,2.213990e+07,1.742284e+08,-1.754160e+07,-7.246655e+07,-4.668408e+07,-4.678132e+06,-5.475089e+07,-8.251355e+06,-8.295687e+06,1.155795e+08,-7.242833e+07,3.388776e+07,-9.510314e+06,1.297692e+08,-7.519213e+07,4.293128e+07,-1.585199e+08,5.749670e+07,8.979602e+07,-4.273033e+07,8.755389e+07,-1.967441e+07,-1.801969e+08,7.457416e+07,1.009269e+08,5.986705e+06,-2.171643e+07,-6.842844e+07,-9.330196e+06,-4.800106e+07,9.141465e+07,-2.469911e+07,-1.082144e+08,7.387305e+07,-5.965685e+07,4.203439e+07,1.067037e+08,-1.519166e+08,7.129185e+07,9.840804e+07,-3.633705e+07,-1.136478e+06,-1.396547e+08,1.885943e+08,-1.058089e+08,5.710367e+07,-2.916081e+06,-6.739599e+07,1.521092e+08,-1.850705e+08,1.618241e+08,5.221422e+06,-2.047449e+08,2.160689e+08,-1.921549e+08,1.306236e+08,-1.238606e+07,2.057034e+07,-1.347377e+08,-2.171625e+07,1.695021e+08,-4.332306e+07,-4.641537e+07,9.879656e+07,3.054999e+07,-1.060722e+08,1.033221e+08,-5.967912e+07,-2.354712e+07,-5.982765e+07,1.220113e+06,-5.988417e+07,1.734775e+08,-1.009257e+08,9.120130e+07,-1.667731e+08,-6.313251e+06,8.828522e+07,2.725900e+05,-8.864572e+07,1.001475e+08,-7.234491e+07,1.510174e+08,-1.045974e+08,-5.320886e+07,1.557953e+08,-1.709067e+08,1.688467e+08,-9.558482e+07,-3.369394e+07,1.096217e+08,-1.230155e+08,1.199158e+08,-1.337265e+08,1.727139e+08,-4.646701e+07,-4.286592e+07,7.910317e+07,-1.436549e+08,1.680286e+08,-2.151661e+08,9.200682e+07,-8.878838e+07,1.552442e+08,2.858990e+07,2.412913e+06,-1.152885e+07,-1.523217e+07,-1.437435e+08,-1.125626e+07,1.680726e+08,-4.359600e+07,-8.360118e+07,4.713947e+07,1.237570e+08,-1.368100e+08,-6.901568e+07,-9.640825e+06,-5.472119e+06,1.073500e+08,-8.084358e+07,1.041495e+08,2.184324e+07,3.907226e+07,-6.708581e+07,-2.375739e+06,-4.490357e+07,1.244899e+08,-1.577142e+08,4.588313e+07,9.558571e+07,-1.384387e+08,1.378900e+08,6.797325e+06,-2.070331e+07,-3.045298e+07,-2.829858e+07,5.276655e+06,-4.568515e+07,6.239955e+07,-5.979607e+06,8.487862e+07,1.880356e+07,-5.207197e+07,-1.399324e+08,1.425606e+08,4.555965e+07,-1.714392e+08,9.541096e+07,4.008753e+07,-2.658046e+07,-2.294143e+07,-9.020458e+07,-4.737228e+06,1.613082e+07,1.146601e+08,-4.462178e+07,8.736067e+06,-3.280046e+07,6.961446e+07,1.711038e+07,-1.341476e+08,1.281086e+08,-4.193250e+07,-1.273503e+08,1.074053e+08,-1.098943e+08,7.879282e+07,1.126819e+08,-1.555794e+08,1.411924e+08,-9.023051e+07,-7.070083e+07,1.599959e+08,-1.798113e+08,2.380845e+07,6.811488e+07,1.001900e+08,-1.476308e+08,-3.340699e+07,1.027687e+08,6.023039e+07,-1.883961e+07,1.256414e+07,-1.789485e+08,1.942240e+08,-1.072174e+08,4.838019e+07,-3.148153e+07,9.442376e+07,-1.539558e+08,-1.437115e+07,-2.214999e+06,-2.584723e+07,1.781380e+08,-1.670741e+08,8.155805e+07,1.057525e+08,-1.257901e+08,-2.692850e+06,-4.982692e+07,1.540230e+07,1.040095e+08,-1.205278e+08,1.753982e+08,-7.580182e+07,-9.671930e+07,4.658026e+07,2.438819e+07,-9.908453e+06,-2.433554e+07,1.646657e+08,-1.841197e+08,1.537577e+08,-5.721179e+07,-1.286266e+08,1.510489e+08,-1.644292e+08,1.541953e+08,-1.523831e+08,1.644362e+08,3.774829e+07,-1.667542e+08,1.247124e+08,1.190106e+07,4.889257e+07,-7.987050e+07,-1.409825e+08,1.546451e+08,6.628989e+07,-1.436754e+08,6.730935e+07,-1.152406e+08,1.572669e+08,-5.321840e+07,6.015757e+07,-1.154677e+08,8.450394e+07,-1.277038e+08,1.058533e+08,7.459549e+07,-1.520394e+08,3.607736e+07,-7.201541e+07,1.718330e+06,-2.113443e+07,3.379968e+07,1.152584e+08,4.887800e+07,-4.644668e+07,-3.712469e+07,-2.112745e+07,-8.698388e+06,6.807153e+07,-1.308567e+08,2.001355e+08,-1.174776e+08,6.122324e+07,-1.752887e+08,-3.412790e+05,1.650220e+08,-1.220312e+08,1.044769e+08,1.227249e+07,7.274451e+07,-1.831832e+08,7.243006e+07,-4.272321e+07,9.825362e+07,-5.527375e+07,6.313008e+07,
y[]:
3.188356e+01,2.928306e+01,1.618586e+01,1.423074e+01,1.886550e+01,1.870504e+01,2.070126e+01,2.230794e+01,2.145592e+01,2.470177e+01,2.056051e+01,1.565222e+01,1.945225e+01,1.974742e+01,1.949425e+01,1.524043e+01,1.456864e+01,2.060780e+01,2.320314e+01,1.382346e+01,1.697945e+01,2.352427e+01,1.644802e+01,1.814228e+01,2.057288e+01,2.501426e+01,1.371792e+01,1.294883e+01,1.068104e+01,1.160405e+01,2.468320e+01,1.423269e+01,2.580546e+01,1.870097e+01,1.408523e+01,2.318499e+01,2.620396e+01,1.879547e+01,2.132412e+01,2.317811e+01,1.352941e+01,1.329842e+01,1.555749e+01,1.851283e+01,1.116815e+01,1.213951e+01,1.625320e+01,2.001749e+01,1.480241e+01,1.494800e+01,1.465063e+01,1.264776e+01,2.160222e+01,1.921015e+01,2.056498e+01,1.514873e+01,1.963357e+01,2.017123e+01,1.735645e+01,1.838412e+01,1.754057e+01,2.521872e+01,2.094411e+01,1.629037e+01,1.307487e+01,2.066723e+01,2.247842e+01,2.294761e+01,2.789373e+01,1.950930e+01,1.641974e+01,2.155216e+01,2.089379e+01,2.140113e+01,2.615017e+01,2.256377e+01,2.458750e+01,1.967011e+01,1.954459e+01,1.963015e+01,2.463767e+01,1.086595e+01,2.605954e+01,1.267546e+01,1.993533e+01,1.011422e+01,1.349364e+01,1.788298e+01,1.660029e+01,2.487465e+01,2.074547e+01,1.972832e+01,1.964147e+01,1.235450e+01,1.000622e+01,1.449125e+01,2.219164e+01,2.774044e+01,2.248474e+01,2.206415e+01,1.813296e+01,1.759214e+01,1.145258e+01,1.886766e+01,1.768701e+01,8.905399e+00,2.238587e+01,1.315463e+01,2.493834e+01,1.933513e+01,2.557977e+01,1.920681e+01,2.257861e+01,1.581639e+01,8.397825e+00,1.852523e+01,1.955943e+01,1.244548e+01,1.348076e+01,1.349472e+01,2.222437e+01,2.420619e+01,1.515012e+01,7.078222e+00,2.415647e+01,1.227420e+01,1.689425e+01,2.461264e+01,1.777066e+01,1.835221e+01,1.670912e+01,1.349069e+01,1.938113e+01,1.732304e+01,2.079759e+01,1.330073e+01,2.202126e+01,1.353624e+01,1.742369e+01,1.358437e+01,1.958481e+01,1.481653e+01,1.290897e+01,2.017600e+01,1.798412e+01,2.062707e+01,1.608119e+01,1.978264e+01,2.186449e+01,2.341602e+01,1.762859e+01,1.842750e+01,1.744570e+01,2.584353e+01,1.983882e+01,2.440772e+01,1.817441e+01,1.448449e+01,1.076867e+01,1.923662e+01,1.949769e+01,2.153168e+01,2.122804e+01,1.686624e+01,2.010781e+01,2.312204e+01,2.018220e+01,1.471534e+01,1.880782e+01,1.601095e+01,2.116307e+01,1.820527e+01,3.052606e+01,1.974661e+01,1.767640e+01,1.797509e+01,2.052915e+01,2.589929e+01,2.042505e+01,1.849460e+01,2.752649e+01,1.096289e+01,2.322024e+01,1.986665e+01,1.504628e+01,1.732359e+01,2.031881e+01,2.264622e+01,1.614915e+01,1.279976e+01,2.592217e+01,2.372142e+01,1.778738e+01,2.130658e+01,1.982675e+01,1.334784e+01,2.003266e+01,2.282926e+01,1.787870e+01,1.850122e+01,2.259632e+01,2.476436e+01,1.611603e+01,2.238063e+01,1.711021e+01,2.302971e+01,2.353402e+01,2.485903e+01,2.479006e+01,2.507024e+01,2.500964e+01,1.142311e+01,2.564180e+01,2.542500e+01,2.178168e+01,2.028436e+01,1.662795e+01,2.472355e+01,2.044202e+01,2.134481e+01,2.402897e+01,1.129800e+01,2.061199e+01,1.755679e+01,2.192278e+01,1.231844e+01,1.989950e+01,1.717774e+01,2.272059e+01,1.256228e+01,1.444818e+01,2.804507e+01,2.043672e+01,2.080555e+01,1.930295e+01,1.008450e+01,1.526830e+01,2.193516e+01,2.435839e+01,2.419200e+01,1.914537e+01,9.640844e+00,1.457433e+01,1.156230e+01,1.179180e+01,1.853658e+01,2.662987e+01,1.708654e+01,2.264722e+01,2.414686e+01,2.217162e+01,1.574543e+01,2.059415e+01,1.597527e+01,1.923819e+01,2.786989e+01,2.577598e+01,1.530112e+01,2.381274e+01,1.326161e+01,2.066173e+01,1.014949e+01,1.635564e+01,2.245505e+01,1.884912e+01,2.222622e+01,1.632982e+01,2.451295e+01,1.476207e+01,2.007707e+01,1.638048e+01,1.364529e+01,2.021167e+01,1.615148e+01,1.545376e+01,1.431976e+01,1.094761e+01,1.522072e+01,2.089674e+01,2.374400e+01,2.312128e+01,1.679152e+01,2.450215e+01,1.087853e+01,1.771897e+01,1.280241e+01,1.278009e+01,1.660165e+01,1.484310e+01,2.295077e+01,1.648559e+01,1.262850e+01,2.607713e+01,2.570659e+01,2.447325e+01,1.414172e+01,1.102765e+01,1.677342e+01,1.064622e+01,2.943886e+01,1.765717e+01,1.075718e+01,2.007495e+01,2.159931e+01,1.438212e+01,2.349969e+01,1.869495e+01,1.869378e+01,1.597602e+01,1.706000e+01,1.888785e+01,2.257041e+01,1.920937e+01,1.723459e+01,1.527243e+01,1.321246e+01,2.033314e+01,1.409168e+01,2.119796e+01,1.739427e+01,1.786632e+01,2.423334e+01,1.321378e+01,1.717478e+01,1.156881e+01,1.218662e+01,1.155179e+01,1.251384e+01,1.719144e+01,1.751957e+01,1.065749e+01,1.597673e+01,1.512797e+01,1.713253e+01,2.412532e+01,2.017044e+01,1.796564e+01,1.445453e+01,1.707083e+01,1.634812e+01,2.401166e+01,2.229636e+01,2.310163e+01,1.991522e+01,2.552411e+01,2.459895e+01,2.272491e+01,1.461618e+01,6.288781e+00,1.298696e+01,2.433260e+01,2.542468e+01,2.620966e+01,1.794027e+01,1.049163e+01,2.804967e+01,2.067489e+01,1.739338e+01,1.028837e+01,3.072034e+01,1.748372e+01,1.495241e+01,2.393996e+01,1.425787e+01,1.973471e+01,1.428727e+01,1.299121e+01,1.766178e+01,1.926953e+01,8.937617e+00,1.378716e+01,3.002750e+01,2.503873e+01,1.566131e+01,1.704156e+01,1.180349e+01,2.183297e+01,2.045551e+01,2.317726e+01,1.588390e+01,2.047080e+01,1.927156e+01,1.934428e+01,1.384248e+01,2.371739e+01,1.952007e+01,2.041213e+01,3.108347e+01,1.785264e+01,2.321287e+01,2.096981e+01,1.036358e+01,1.769320e+01,1.666305e+01,2.213356e+01,1.450572e+01,1.242763e+01,1.661051e+01,2.437071e+01,1.686742e+01,2.704354e+01,2.158880e+01,9.108236e+00,2.175027e+01,1.357476e+01,8.608092e+00,1.832545e+01,2.220265e+01,2.178360e+01,1.961445e+01,2.080696e+01,2.084029e+01,1.950198e+01,2.232991e+01,1.965908e+01,2.016388e+01,2.479435e+01,1.218745e+01,2.037703e+01,1.185673e+01,2.131826e+01,1.460310e+01,1.726472e+01,1.476734e+01,2.217200e+01,1.565872e+01,1.387253e+01,1.674185e+01,6.898972e+00,1.599413e+01,2.754610e+01,2.434919e+01,2.255965e+01,2.566330e+01,1.447554e+01,2.697884e+01,1.739282e+01,2.149911e+01,1.006327e+01,2.251650e+01,1.596706e+01,1.374422e+01,8.191855e+00,1.591076e+01,2.159428e+01,2.170346e+01,1.999798e+01,1.912967e+01,1.472586e+01,1.838015e+01,2.492359e+01,1.986033e+01,2.247257e+01,1.362221e+01,2.003221e+01,2.161270e+01,1.986333e+01,1.351335e+01,2.100961e+01,1.428608e+01,2.564482e+01,2.789536e+01,1.375905e+01,2.219192e+01,1.948983e+01,2.335852e+01,1.545553e+01,1.528692e+01,2.313219e+01,2.352528e+01,1.494881e+01,2.623680e+01,1.420818e+01,1.719227e+01,2.466992e+01,2.244014e+01,2.224922e+01,1.921195e+01,1.405001e+01,1.723694e+01,1.836479e+01,1.321043e+01,2.456511e+01,1.756876e+01,2.256018e+01,1.953647e+01,1.834963e+01,1.388239e+01,1.225887e+01,1.689135e+01,1.811683e+01,1.831649e+01,1.129770e+01,1.990169e+01,2.063969e+01,2.117198e+01,1.946426e+01,1.703774e+01,2.264939e+01,1.240743e+01,1.608290e+01,2.269506e+01,2.835216e+01,2.823266e+01,2.399851e+01,1.915047e+01,1.577981e+01,1.153619e+01,1.377887e+01,1.788495e+01,1.547336e+01,2.193780e+01,2.122580e+01,2.298712e+01,1.342085e+01,2.439223e+01,1.976006e+01,2.167812e+01,1.979365e+01,2.513293e+01,2.033249e+01,2.972463e+01,1.530943e+01,2.169867e+01,1.594618e+01,1.676411e+01,1.772153e+01,1.148126e+01,1.683919e+01,1.018923e+01,9.201571e+00,1.934080e+01,2.745295e+01,2.530042e+01,1.571250e+01,2.074438e+01,1.604414e+01,1.829915e+01,1.852348e+01,1.216971e+01,2.482292e+01,1.489371e+01,2.559182e+01,1.428520e+01,2.146143e+01,1.696750e+01,2.135642e+01,1.914630e+01,2.298679e+01,1.495346e+01,1.152367e+01,1.354708e+01,1.268211e+01,1.714441e+01,1.579267e+01,1.778884e+01,1.047404e+01,2.795650e+01,3.008084e+01,1.311096e+01,2.781364e+01,2.817392e+01,1.437907e+01,1.824170e+01,2.067918e+01,2.872907e+01,2.082096e+01,1.722633e+01,2.241868e+01,2.365769e+01,1.982596e+01,1.952949e+01,2.593029e+01,1.912773e+01,2.052571e+01,2.244050e+01,1.511473e+01,1.483891e+01,1.017161e+01,1.782542e+01,2.489993e+01,1.554314e+01,1.353084e+01,1.887619e+01,8.992342e+00,1.546554e+01,2.044269e+01,1.425991e+01,1.170194e+01,1.289629e+01,1.632469e+01,9.417926e+00,1.536127e+01,1.832133e+01,2.139827e+01,1.459716e+01,2.003987e+01,1.244006e+01,6.076171e+00,1.954669e+01,1.827574e+01,2.461837e+01,2.030236e+01,2.446464e+01,1.639860e+01,2.114303e+01,2.073487e+01,1.804022e+01,1.057361e+01,1.299862e+01,1.988434e+01,1.679557e+01,2.418618e+01,1.822315e+01,1.479590e+01,2.309588e+01,2.188965e+01,2.330360e+01,2.449034e+01,2.459915e+01,1.060754e+01,1.775907e+01,2.311648e+01,1.792595e+01,2.387091e+01,1.708588e+01,2.764363e+01,2.196677e+01,1.503415e+01,1.965741e+01,2.565641e+01,2.192947e+01,2.274243e+01,1.780112e+01,2.051898e+01,1.046451e+01,1.344994e+01,2.198366e+01,2.550318e+01,2.154754e+01,2.371151e+01,1.555987e+01,1.299375e+01,2.294506e+01,2.150187e+01,1.931635e+01,1.916590e+01,1.997458e+01,1.971161e+01,1.502101e+01,5.890309e+00,9.091029e+00,2.308182e+01,2.500255e+01,1.747790e+01,2.021298e+01,1.981486e+01,1.620728e+01,1.614460e+01,2.472347e+01,2.799500e+01,1.970195e+01,1.470533e+01,1.710706e+01,1.998966e+01,1.208739e+01,1.413617e+01,8.977084e+00,1.766987e+01,1.127893e+01,2.356577e+01,1.862891e+01,1.881518e+01,1.809768e+01,1.897444e+01,1.542089e+01,1.782834e+01,2.239472e+01,2.024983e+01,1.701532e+01,1.917709e+01,2.629909e+01,1.934884e+01,1.240027e+01,2.136920e+01,1.109612e+01,1.348993e+01,1.730219e+01,2.125805e+01,1.913789e+01,1.097804e+01,1.039190e+01,1.945149e+01,1.609493e+01,1.791144e+01,1.610449e+01,2.577394e+01,1.848375e+01,1.813886e+01,2.321699e+01,2.763208e+01,1.682312e+01,1.548548e+01,8.547301e+00,1.520664e+01,1.806629e+01,1.539429e+01,1.551208e+01,1.477965e+01,1.909019e+01,2.377544e+01,1.751860e+01,2.244956e+01,2.247912e+01,1.391867e+01,2.519706e+01,2.117284e+01,1.654982e+01,1.682614e+01,1.563996e+01,1.475462e+01,1.233240e+01,1.644679e+01,2.461917e+01,2.512501e+01,1.649279e+01,1.857457e+01,1.111263e+01,2.215276e+01,1.358620e+01,2.604100e+01,1.223765e+01,2.409104e+01,1.395695e+01,1.366021e+01,1.745605e+01,1.864046e+01,1.011908e+01,1.619744e+01,1.784814e+01,2.044377e+01,1.330872e+01,2.765473e+01,1.663722e+01,1.528788e+01,2.208286e+01,1.477249e+01,2.431869e+01,1.798177e+01,1.775183e+01,1.329320e+01,2.473235e+01,2.212051e+01,2.230572e+01,1.560794e+01,1.538460e+01,1.930549e+01,9.943799e+00,1.957338e+01,1.670091e+01,3.280700e-02,2.012090e+01,1.574276e+01,1.662710e+01,1.938298e+01,2.121814e+01,1.755085e+01,1.471181e+01,2.495796e+01,1.450673e+01,1.497419e+01,2.140028e+01,2.952603e+01,1.797417e+01,1.918052e+01,1.602931e+01,2.111630e+01,2.798431e+01,2.817885e+01,2.629193e+01,9.302283e+00,1.976621e+01,2.484976e+01,2.080506e+01,2.266890e+01,1.177575e+01,1.959513e+01,1.885594e+01,1.108253e+01,2.299607e+01,2.141106e+01,1.959180e+01,1.677254e+01,1.550299e+01,2.539110e+01,2.590706e+01,1.897503e+01,1.320268e+01,2.080935e+01,6.983403e+00,1.628712e+01,2.719946e+01,1.722961e+01,1.958998e+01,2.045490e+01,8.801318e+00,1.895469e+01,4.089704e+00,1.853385e+01,1.693419e+01,1.824083e+01,2.048180e+01,1.835599e+01,1.838058e+01,1.893396e+01,2.555256e+01,2.019150e+01,1.673255e+01,1.758793e+01,2.126309e+01,1.558619e+01,1.653233e+01,2.207906e+01,2.575655e+01,2.136668e+01,1.238648e+01,2.276369e+01,2.332986e+01,2.303623e+01,2.168210e+01,1.691580e+01,2.143822e+01,2.641969e+01,1.842678e+01,1.143037e+01,1.354392e+01,1.179384e+01,2.509774e+01,8.210051e+00,2.401852e+01,1.803373e+01,2.099360e+01,1.574599e+01,2.353857e+01,2.149913e+01,1.885528e+01,1.367920e+01,9.754098e+00,2.472973e+01,1.691679e+01,2.515773e+01,1.796117e+01,1.402762e+01,2.191232e+01,6.466444e+00,2.005237e+01,2.188476e+01,2.568074e+01,2.094807e+01,1.902356e+01,2.085533e+01,2.504502e+01,9.728875e+00,2.240497e+01,1.691605e+01,1.350827e+01,1.056308e+01,1.981502e+01,1.661436e+01,1.112360e+01,1.802582e+01,1.139209e+01,1.718417e+01,1.875131e+01,2.235468e+01,1.948020e+01,1.839927e+01,1.631035e+01,1.703979e+01,1.880238e+01,9.844656e+00,1.543876e+01,5.714808e+00,1.166012e+01,1.876533e+01,1.451334e+01,1.001864e+01,1.927592e+01,1.323195e+01,1.621223e+01,2.390364e+01,1.895665e+01,1.356155e+01,2.595021e+01,2.550349e+01,1.607144e+01,1.510311e+01,1.604022e+01,2.804057e+01,1.738529e+01,2.390838e+01,1.806969e+01,2.524728e+01,2.803624e+01,1.348937e+01,2.276650e+01,2.065601e+01,2.536790e+01,1.857411e+01,1.744728e+01,1.302430e+01,1.931596e+01,1.503154e+01,2.739826e+01,2.378117e+01,1.744499e+01,1.501973e+01,1.417491e+01,2.505186e+01,2.362774e+01,1.805672e+01,1.464825e+01,1.822529e+01,2.790451e+01,2.270066e+01,1.754619e+01,2.384254e+01,2.447259e+01,1.324907e+01,1.890785e+01,9.555029e+00,1.687526e+01,1.831139e+01,1.931653e+01,2.383543e+01,2.349834e+01,1.638954e+01,1.409105e+01,1.703404e+01,1.052678e+01,2.481962e+01,2.557989e+01,2.420834e+01,1.832198e+01,2.596704e+01,2.606573e+01,2.787796e+01,1.666098e+01,2.504309e+01,1.801037e+01,1.827857e+01,2.798608e+01,2.059583e+01,1.469913e+01,1.517376e+01,1.769590e+01,2.098058e+01,2.549801e+01,2.176436e+01,2.423845e+01,2.061047e+01,1.565777e+01,2.051478e+01,1.449805e+01,1.920074e+01,2.403066e+01,2.084661e+01,2.011462e+01,1.878138e+01,1.712407e+01,1.993316e+01,1.489733e+01,2.333860e+01,1.227150e+01,1.568764e+01,1.197816e+01,2.049167e+01,2.272989e+01,1.810408e+01,1.538653e+01,1.308365e+01,1.080102e+01,1.790548e+01,1.815394e+01,2.834747e+01,2.298858e+01,2.182128e+01,2.136309e+01,1.048294e+01,2.575353e+01,2.128290e+01,1.476249e+01,1.606722e+01,2.318143e+01,2.908908e+01,2.346935e+01,1.162967e+01,2.536610e+01,1.738954e+01,2.394783e+01,

Regression parameters
Slope (bjmp):6.129709e-08
Intercept (ajmp):1.371426e+01


Number of 512-byte sectors at which both processing techniques are equal: 105226

