2639,0,22736,3468,22721,1266,1262,8713
5296,1,49416,6304,49327,1576,2837,16659
6326,2,48992,6922,49408,417,3331,17121
8107,3,90992,9810,90940,1997,3370,21616
9939,4,96976,11079,96893,1966,4879,23667
11259,5,106696,11918,106583,1168,4946,24951
11932,6,105296,12678,105179,1292,5014,26360
13292,7,118376,14019,118363,1268,5077,29372
14423,8,130496,15120,130483,1140,5108,31169
17597,9,139766,21227,141387,1622,7490,39331
21297,10,141392,23789,141392,3000,7518,42332
23910,11,146158,24686,146115,1238,8737,43617
25401,12,152040,26140,151949,1318,8806,47647
26580,13,153392,28304,153358,2880,11445,52157
29354,14,169256,30528,169194,1987,12335,57185
30782,15,176784,31054,176673,402,12403,58212
32347,16,191456,32744,191439,624,12468,63466
33268,17,209600,33570,209555,468,12525,64753
34791,18,224872,34932,224771,156,12679,69166
35600,19,225056,37329,225028,2876,15514,74818
39789,20,250200,40838,250116,1709,16881,85593
41080,21,259952,41574,259933,878,16949,86749
44470,22,292848,45080,292791,968,17012,98263
45188,23,294880,46272,294843,1884,18388,100313
46709,24,305360,46936,305347,372,18448,101853
54673,25,347672,54796,347595,52,18491,133467
56008,26,365248,56291,365139,404,18526,137954
77204,27,482544,77499,482598,55,18632,223028
77529,28,482600,77660,482636,37,18703,223066
79191,29,491143,81733,492175,1033,20271,230115
83993,30,502616,85349,502515,1564,20304,240781
85367,31,501226,86831,502608,1383,21776,242210
102580,32,621176,102914,621243,68,21911,302952
150518,33,900144,150695,900119,104,21941,495219
152905,34,909128,153044,909099,100,21975,504204
153070,35,907780,154338,909120,1341,23333,505630
155901,36,917936,156210,917840,289,23366,512013
156226,37,916639,157632,917932,1294,24748,513382
159213,38,926444,161987,927732,1289,26544,520787
164253,39,939352,164642,939352,385,26576,530173
166225,40,948426,170715,949893,1468,29197,537715
173479,41,1051247,176278,1052440,1194,30934,543724
176352,42,1052448,178821,1052445,2997,30967,546725
180422,43,1063608,181150,1063550,839,30999,553624
181167,44,1061964,182774,1063603,1640,32688,555338
184377,45,1073200,189736,1074859,1660,35761,563009
189811,46,1074864,192383,1074864,3000,35788,566010
193243,47,1083248,193771,1083227,620,35814,569655
193785,48,1082357,194668,1083247,891,36721,570568
196269,49,1091752,197215,1091719,1120,36753,577725
197233,50,1090866,198357,1091751,886,37667,578650
199962,51,1101029,203386,1102546,1518,39856,586222
203458,52,1102552,205955,1102551,2999,39890,589223
206794,53,1110599,210260,1112201,1603,42140,593899
210329,54,1112208,212803,1112206,2998,42173,596900
213651,55,1119794,215504,1121243,1450,43658,601475
215573,56,1123688,216076,1123607,560,43721,602117
216638,57,1127144,216709,1127043,28,43738,604423
216990,58,1130016,217067,1129947,60,43787,605577
217079,59,1129856,217148,1129823,96,43805,605706
217159,60,1129824,217201,1129828,5,43811,605836
218147,61,1154368,220334,1154300,2621,43842,610841
221130,62,1162278,224848,1163746,1469,46132,615369
225013,63,1172600,225176,1172494,151,46166,615629
225266,64,1175296,225565,1175265,354,46229,616143
226982,65,1193536,227077,1193495,88,46282,621142
227141,66,1195736,227668,1195691,852,47074,622040
227689,67,1195624,227761,1195567,72,47109,622169
228746,68,1222368,229369,1222343,1128,47176,625763
229919,69,1227072,231316,1227043,2404,49519,630049
232626,70,1241120,232854,1241067,332,49580,634880
232871,71,1241024,232954,1241073,50,49632,635011
233200,72,1252952,233599,1252897,458,49687,635656
233612,73,1251488,234421,1251365,1414,49755,637193
234583,74,1259048,235127,1259341,294,50149,637680
235140,75,1259344,235289,1259378,35,50217,637717
235748,76,1270184,236643,1270102,1199,51028,639898
236664,77,1269984,237057,1270183,200,51305,640104
237161,78,1274232,237312,1274130,155,51396,640365
237325,79,1274032,237397,1274006,103,51471,640494
237408,80,1273960,237466,1273882,51,51513,640623
237585,81,1276864,237798,1276811,332,51540,641265
239404,82,1285059,240110,1284995,1089,52566,648371
240933,83,1295048,241026,1295090,43,52611,651252
241091,84,1298088,241222,1298118,30,52665,651406
247196,85,15968,247667,16072,105,105,10824
248903,86,27282,248940,27284,3,108,16546
255896,87,72032,256101,72070,39,147,52935
256145,88,72152,256202,72164,13,160,53029
256240,89,72312,256393,72353,42,202,53218
256420,90,72392,256468,72402,11,213,53267
256478,91,72424,256514,72432,9,222,53297
256525,92,72456,256550,72459,4,226,53324
256560,93,72464,256589,72470,7,233,53335
256601,94,72496,256644,72501,6,239,53366
256659,95,72560,256888,72622,63,302,53487
256914,96,72640,256951,72648,9,311,53513
258933,97,83408,259151,83455,48,359,64062
259164,98,83456,259341,83505,50,409,64112
259540,99,84408,260425,84650,243,652,65256
261122,100,88328,261408,88404,77,729,69009
261419,101,88408,261592,88450,43,772,69055
261604,102,88496,262030,88614,119,891,69219
262065,103,88752,262193,88785,34,925,69390
265739,104,113808,265805,113809,2,927,87152
269310,105,148968,269530,149011,44,971,104316
269819,106,159480,269851,159481,2,973,105120
270452,107,162584,270639,162632,49,1022,108270
270871,108,163848,271121,163910,63,1085,109548
272138,109,169208,272847,171396,202,1287,114917
275143,110,188104,275194,188105,2,1289,126488
275232,111,188152,275431,188203,52,1341,126586
277337,112,199224,277397,199228,5,1346,136345
277484,113,199504,277509,199505,2,1348,136622
277790,114,200880,277820,200881,2,1350,137998
280421,115,215600,280627,215642,43,1393,151522
281598,116,238136,281802,238186,51,1444,155540
283655,117,247589,283715,247595,7,1451,164946
283738,118,247602,283761,247605,4,1455,164956
283802,119,247701,283826,247705,5,1460,165056
289041,120,284080,289241,284117,38,1498,190699
289443,121,284928,289767,285013,86,1584,191594
289795,122,285016,290048,285087,72,1656,191668
290086,123,285216,290102,285217,2,1658,191798
290136,124,285296,290640,285435,140,1798,192016
290651,125,285456,290668,285457,2,1800,192038
296237,126,354688,296305,354689,2,1802,218700
296364,127,354824,296497,354858,35,1837,218869
296508,128,354888,296522,354889,2,1839,218900
296983,129,357320,297577,357481,162,2001,221491
297589,130,357488,297770,357530,43,2044,221540
297781,131,357536,297917,357572,37,2081,221582
297926,132,357576,298057,357611,36,2117,221621
298252,133,358432,298285,358433,2,2119,222443
299596,134,365144,299767,365179,36,2155,229186
299780,135,365184,299974,365245,62,2217,229252
307489,136,492176,307560,492177,2,2219,263773
307968,137,510840,312431,512105,1266,3485,265755
323237,138,620400,323540,620461,62,3547,319442
323568,139,620464,323863,620543,80,3627,319524
323970,140,621016,324143,621057,42,3669,320038
324153,141,621064,324169,621065,2,3671,320046
324848,142,626080,324879,626081,2,3673,323457
324940,143,626304,325078,626340,37,3710,323716
325087,144,626344,325216,626378,35,3745,323754
344604,145,937715,350425,939351,1637,5382,411867
368734,146,1044224,368818,1044225,2,5384,508852
373185,147,1129480,373307,1129494,15,5399,527227
373360,148,1129704,373423,1129718,15,5414,527451
373458,149,1129840,373488,1129845,6,5420,527570
373518,150,1129968,373592,1129985,18,5438,527614
374118,151,1132768,374362,1132832,65,5503,530401
374397,152,1133064,374698,1133144,81,5584,530585
374939,153,1134296,374967,1134297,2,5586,531738
375234,154,1135528,375268,1135530,3,5589,532971
375325,155,1135696,375461,1135733,38,5627,533174
375546,156,1136120,375688,1136156,37,5664,533596
377693,157,1146877,377802,1146895,19,5683,544332
377839,158,1147024,377855,1147025,2,5685,544462
380927,159,1171616,381118,1171651,36,5721,559881
381135,160,1171664,381296,1171702,39,5760,559932
381361,161,1172008,381509,1172046,39,5799,560276
381518,162,1172048,381674,1172087,40,5839,560317
381682,163,1172088,381807,1172121,34,5873,560351
381815,164,1172128,381954,1172166,39,5912,560396
381962,165,1172168,382104,1172201,34,5946,560431
382165,166,1172560,382312,1172598,39,5985,560700
382338,167,1172752,382402,1172768,17,6002,560719
382889,168,1177944,383059,1177977,34,6036,563142
383071,169,1177984,383231,1178027,44,6080,563192
383240,170,1178032,383261,1178035,4,6084,563200
383270,171,1178040,383296,1178045,6,6090,563210
383329,172,1178152,383361,1178159,8,6098,563324
383586,173,1179272,383784,1179322,51,6149,564486
383793,174,1179328,383825,1179332,5,6154,564496
384111,175,1182528,384141,1182529,2,6156,565773
384659,176,1185208,384690,1185209,2,6158,568452
385026,177,1186968,385059,1186970,3,6161,570213
385334,178,1188576,385364,1188577,2,6163,571564
386209,179,1193288,386375,1193323,36,6199,576054
386386,180,1193328,386518,1193363,36,6235,576094
386527,181,1193368,386654,1193402,35,6270,576133
386708,182,1193656,386748,1193664,9,6279,576306
386856,183,1194152,387021,1194187,36,6315,576829
387031,184,1194192,387682,1194380,189,6504,577022
387693,185,1194384,388107,1194504,121,6625,577146
388629,186,1198144,388659,1198145,2,6627,579607
389111,187,1200512,389284,1200555,44,6671,582016
390902,188,1209520,390941,1209521,2,6673,590084
393816,189,1233832,394010,1233866,35,6708,604215
394024,190,1233872,394157,1233907,36,6744,604256
394165,191,1233912,394321,1233954,43,6787,604303
394347,192,1233992,394478,1234027,36,6823,604376
394759,193,1236056,394791,1236058,3,6826,605767
394961,194,1236736,395591,1236910,175,7001,606619
395604,195,1236912,395735,1236946,35,7036,606655
395743,196,1236952,395899,1236990,39,7075,606699
396059,197,1237824,396828,1238035,212,7287,607744
396842,198,1238040,396988,1238078,39,7326,607787
397479,199,1240872,397984,1241007,136,7462,610460
399052,200,1246808,400801,1247301,494,7956,616243
402742,201,1259384,402929,1259423,40,7996,626032
403247,202,1260952,403294,1260958,7,8003,627567
403606,203,1263128,403636,1263129,2,8005,629098
403667,204,1263160,403683,1263161,2,8007,629130
403717,205,1263280,403734,1263281,2,8009,629250
403750,206,1263360,403765,1263361,2,8011,629330
403796,207,1263456,403896,1263481,26,8037,629450
403907,208,1263512,404061,1263550,39,8076,629519
404070,209,1263560,404086,1263561,2,8078,629530
404101,210,1263640,404121,1263642,3,8081,629611
404723,211,1266736,404798,1266749,14,8095,632462
404809,212,1266760,404824,1266761,2,8097,632474
405075,213,1268048,405251,1268087,40,8137,633800
405261,214,1268096,405387,1268129,34,8171,633842
405396,215,1268136,405521,1268169,34,8205,633882
406073,216,1272320,406217,1272353,34,8239,636662
406228,217,1272360,406374,1272398,39,8278,636707
406382,218,1272400,406529,1272435,36,8314,636744
406642,219,1273008,406798,1273044,37,8351,637353
407229,220,1275536,407398,1275572,37,8388,639316
407409,221,1275576,407541,1275611,36,8424,639355
407550,222,1275616,407680,1275651,36,8460,639395
407690,223,1275664,407704,1275665,2,8462,639409
407829,224,1276184,407980,1276221,38,8500,639965
407989,225,1276224,408130,1276262,39,8539,640006
408167,226,1276424,408338,1276466,43,8582,640210
408399,227,1276736,408674,1276812,77,8659,640556
410118,228,1293911,410157,1293915,5,8664,647536
410177,229,1293976,410321,1294010,35,8699,647631
410337,230,1294080,410625,1294157,78,8777,647778
410634,231,1294160,410772,1294193,34,8811,647814
410780,232,1294224,410909,1294258,35,8846,647879
410918,233,1294264,411104,1294307,44,8890,647928
411113,234,1294312,411255,1294349,38,8928,647970
411267,235,1294352,411397,1294385,34,8962,648006
411407,236,1294392,411566,1294429,38,9000,648050
411575,237,1294432,411704,1294466,35,9035,648087
411713,238,1294472,411848,1294508,37,9072,648129
411856,239,1294512,412006,1294547,36,9108,648168
412015,240,1294552,412152,1294589,38,9146,648210
412160,241,1294592,412290,1294627,36,9182,648248
412299,242,1294632,412443,1294666,35,9217,648287
412452,243,1294672,412590,1294710,39,9256,648331
412603,244,1294768,412750,1294803,36,9292,648424
412766,245,1294896,412911,1294931,36,9328,648552
412920,246,1294936,413061,1294975,40,9368,648596
413072,247,1295000,413262,1295091,49,9417,648669
413271,248,1295096,413404,1295131,36,9453,648708
413412,249,1295136,413572,1295175,40,9493,648752
413582,250,1295176,413842,1295249,74,9567,648826
413850,251,1295256,413991,1295289,34,9601,648866
414001,252,1295296,414136,1295332,37,9638,648909
414144,253,1295336,414301,1295378,43,9681,648955
414310,254,1295384,414491,1295429,46,9727,649006
414500,255,1295432,414620,1295464,33,9760,649041
414629,256,1295472,414777,1295505,34,9794,649082
414788,257,1295512,414951,1295545,34,9828,649122
414970,258,1295552,415136,1295592,41,9869,649169
415179,259,1295776,419987,1297142,1367,11236,650719
420193,260,1298144,420245,1298151,8,11244,651694
