3209,0,15968,3669,16072,105,105,16072
4970,1,22736,6006,23033,298,403,23033
6901,2,27282,6940,27284,3,406,27284
11366,3,48992,12890,49408,417,823,49408
12924,4,49416,13167,49480,65,888,49480
17959,5,72032,18190,72070,39,927,72070
18215,6,72152,18268,72164,13,940,72164
18307,7,72312,18528,72353,42,982,72353
18543,8,72392,18596,72402,11,993,72402
18607,9,72424,18646,72432,9,1002,72432
18679,10,72456,18704,72459,4,1006,72459
18715,11,72464,18746,72470,7,1013,72470
18758,12,72496,18787,72501,6,1019,72501
18803,13,72560,19085,72622,63,1082,72622
19097,14,72640,19136,72648,9,1091,72648
21546,15,83408,21755,83455,48,1139,83455
21767,16,83456,21960,83505,50,1189,83505
22162,17,84408,23138,84650,243,1432,84650
24003,18,88328,24310,88404,77,1509,88404
24321,19,88408,24484,88450,43,1552,88450
24496,20,88496,24907,88614,119,1671,88614
24951,21,88752,25079,88785,34,1705,88785
25498,22,90992,25529,90993,2,1707,90993
26700,23,96976,26734,96977,2,1709,96977
28377,24,105296,28436,105297,2,1711,105297
28746,25,106696,28779,106697,2,1713,106697
30163,26,113808,30195,113809,2,1715,113809
31107,27,118376,31142,118377,2,1717,118377
33457,28,130496,33506,130497,2,1719,130497
35382,29,139766,41123,141387,1622,3341,141387
41142,30,141392,41169,141393,2,3343,141393
42248,31,146158,45173,146956,799,4142,146956
45566,32,148968,45755,149011,44,4186,149011
46343,33,152040,46375,152041,2,4188,152041
46673,34,153392,46704,153393,2,4190,153393
47851,35,159480,47883,159481,2,4192,159481
48495,36,162584,48676,162632,49,4241,162632
48927,37,163848,49159,163910,63,4304,163910
50218,38,169208,50592,169300,93,4397,169300
52028,39,176784,52062,176785,2,4399,176785
54191,40,188104,54248,188105,2,4401,188105
54273,41,188152,54468,188203,52,4453,188203
55126,42,191456,55158,191457,2,4455,191457
56632,43,199224,56671,199228,5,4460,199228
56739,44,199504,56758,199505,2,4462,199505
57060,45,200880,57096,200881,2,4464,200881
58835,46,209600,58873,209601,2,4466,209601
60008,47,215600,60179,215642,43,4509,215642
61969,48,224872,62562,225026,155,4664,225026
62579,49,225056,62601,225057,2,4666,225057
65117,50,238136,65350,238186,51,4717,238186
67179,51,247589,67233,247595,7,4724,247595
67254,52,247602,67274,247605,4,4728,247605
67305,53,247701,67328,247705,5,4733,247705
67796,54,250200,68045,250263,64,4797,250263
69839,55,259952,69877,259953,2,4799,259953
74614,56,284080,74812,284117,38,4837,284117
74996,57,284928,75332,285013,86,4923,285013
75343,58,285016,75607,285087,72,4995,285087
75642,59,285216,75660,285217,2,4997,285217
75677,60,285296,76154,285435,140,5137,285435
76180,61,285456,76205,285457,2,5139,285457
77585,62,292848,77616,292849,2,5141,292849
78020,63,294880,78051,294881,2,5143,294881
80140,64,305360,80190,305361,2,5145,305361
88298,65,347672,88534,347715,44,5189,347715
89864,66,354688,89911,354689,2,5191,354689
89950,67,354824,90090,354858,35,5226,354858
90102,68,354888,90118,354889,2,5228,354889
90604,69,357320,91178,357481,162,5390,357481
91190,70,357488,91357,357530,43,5433,357530
91366,71,357536,91494,357572,37,5470,357572
91502,72,357576,91625,357611,36,5506,357611
91804,73,358432,91833,358433,2,5508,358433
93106,74,365144,93251,365179,36,5544,365179
93260,75,365184,93463,365245,62,5606,365245
93472,76,365248,93600,365283,36,5642,365283
115760,77,482544,116058,482599,56,5698,482599
116088,78,482600,116219,482637,38,5736,482637
116228,79,482640,116243,482641,2,5738,482641
117863,80,491143,121423,492176,1034,6772,492176
123260,81,501226,128232,502609,1384,8156,502609
128250,82,502616,128280,502617,2,8158,502617
129851,83,510840,134258,512105,1266,9424,512105
154884,84,620400,155195,620461,62,9486,620461
155223,85,620464,155491,620543,80,9566,620543
155601,86,621016,155779,621057,42,9608,621057
155790,87,621064,155806,621065,2,9610,621065
155825,88,621176,156072,621244,69,9679,621244
156996,89,626080,157027,626081,2,9681,626081
157076,90,626304,157222,626340,37,9718,626340
157231,91,626344,157355,626378,35,9753,626378
209091,92,900144,209178,900145,2,9755,900145
210729,93,907780,215372,909121,1342,11097,909121
215398,94,909128,215421,909129,2,11099,909129
216876,95,916639,221324,917933,1295,12394,917933
221340,96,917936,221367,917937,2,12396,917937
223027,97,926444,227590,927733,1290,13686,927733
227607,98,927736,227634,927737,2,13688,927737
229724,99,937715,235469,939351,1637,15325,939351
235495,100,939352,235519,939353,2,15327,939353
237318,101,948426,242408,949894,1469,16796,949894
260242,102,1044224,260346,1044225,2,16798,1044225
261750,103,1051247,265832,1052441,1195,17993,1052441
265860,104,1052448,265881,1052449,2,17995,1052449
267692,105,1061964,273305,1063604,1641,19636,1063604
273323,106,1063608,273350,1063609,2,19638,1063609
275233,107,1073200,280966,1074860,1661,21299,1074860
280995,108,1074864,281019,1074865,2,21301,1074865
282496,109,1082357,285550,1083248,892,22193,1083248
287031,110,1090866,290093,1091752,887,23080,1091752
291931,111,1101029,297184,1102547,1519,24599,1102547
297202,112,1102552,297229,1102553,2,24601,1102553
298788,113,1110599,304388,1112202,1604,26205,1112202
304415,114,1112208,304438,1112209,2,26207,1112209
305940,115,1119794,310973,1121244,1451,27658,1121244
311522,116,1123688,311557,1123689,2,27660,1123689
312230,117,1127144,312261,1127145,2,27662,1127145
312728,118,1129480,312801,1129494,15,27677,1129494
312845,119,1129704,312902,1129718,15,27692,1129718
312935,120,1129824,312962,1129829,6,27698,1129829
312972,121,1129840,312998,1129845,6,27704,1129845
313008,122,1129856,313038,1129857,2,27706,1129857
313057,123,1129968,313139,1129985,18,27724,1129985
313151,124,1130016,313241,1130039,24,27748,1130039
313814,125,1132768,314077,1132832,65,27813,1132832
314140,126,1133064,314418,1133144,81,27894,1133144
314653,127,1134296,314683,1134297,2,27896,1134297
314940,128,1135528,314973,1135530,3,27899,1135530
315016,129,1135696,315145,1135733,38,27937,1135733
315230,130,1136120,315384,1136156,37,27974,1136156
317415,131,1146877,317546,1146895,19,27993,1146895
317588,132,1147024,317607,1147025,2,27995,1147025
318998,133,1154368,319030,1154369,2,27997,1154369
320554,134,1162278,325600,1163747,1470,29467,1163747
327106,135,1171616,327267,1171651,36,29503,1171651
327289,136,1171664,327424,1171702,39,29542,1171702
327503,137,1172008,327647,1172046,39,29581,1172046
327657,138,1172048,327793,1172087,40,29621,1172087
327801,139,1172088,327938,1172121,34,29655,1172121
327947,140,1172128,328082,1172166,39,29694,1172166
328090,141,1172168,328214,1172201,34,29728,1172201
328298,142,1172560,328443,1172598,39,29767,1172598
328452,143,1172600,328590,1172634,35,29802,1172634
328624,144,1172752,328687,1172768,17,29819,1172768
329185,145,1175296,329255,1175297,2,29821,1175297
329807,146,1177944,329948,1177977,34,29855,1177977
329958,147,1177984,330127,1178027,44,29899,1178027
330137,148,1178032,330159,1178035,4,29903,1178035
330168,149,1178040,330194,1178045,6,29909,1178045
330230,150,1178152,330262,1178159,8,29917,1178159
330509,151,1179272,330701,1179322,51,29968,1179322
330711,152,1179328,330734,1179332,5,29973,1179332
331407,153,1182528,331436,1182529,2,29975,1182529
332038,154,1185208,332069,1185209,2,29977,1185209
332450,155,1186968,332483,1186970,3,29980,1186970
332820,156,1188576,332850,1188577,2,29982,1188577
333848,157,1193288,334008,1193323,36,30018,1193323
334022,158,1193328,334165,1193363,36,30054,1193363
334173,159,1193368,334297,1193402,35,30089,1193402
334332,160,1193536,334349,1193537,2,30091,1193537
334386,161,1193656,334422,1193664,9,30100,1193664
334531,162,1194152,334685,1194187,36,30136,1194187
334694,163,1194192,335332,1194380,189,30325,1194380
335344,164,1194384,335749,1194504,121,30446,1194504
335968,165,1195624,336129,1195659,36,30482,1195659
336145,166,1195736,336180,1195744,9,30491,1195744
336684,167,1198144,336716,1198145,2,30493,1198145
337175,168,1200512,337382,1200555,44,30537,1200555
339145,169,1209520,339183,1209521,2,30539,1209521
341666,170,1222368,341736,1222369,2,30541,1222369
342705,171,1227072,342747,1227073,2,30543,1227073
344076,172,1233832,344223,1233866,35,30578,1233866
344234,173,1233872,344364,1233907,36,30614,1233907
344373,174,1233912,344538,1233954,43,30657,1233954
344550,175,1233992,344675,1234027,36,30693,1234027
345075,176,1236056,345108,1236058,3,30696,1236058
345281,177,1236736,345910,1236910,175,30871,1236910
345923,178,1236912,346051,1236946,35,30906,1236946
346059,179,1236952,346193,1236990,39,30945,1236990
346370,180,1237824,347115,1238035,212,31157,1238035
347128,181,1238040,347269,1238078,39,31196,1238078
347807,182,1240872,348291,1241007,136,31332,1241007
348302,183,1241024,348475,1241074,51,31383,1241074
348502,184,1241120,348518,1241121,2,31385,1241121
349641,185,1246808,351337,1247301,494,31879,1247301
352157,186,1251488,352188,1251489,2,31881,1251489
352478,187,1252952,352508,1252953,2,31883,1252953
353768,188,1259048,354910,1259379,332,32215,1259379
354927,189,1259384,355092,1259423,40,32255,1259423
355394,190,1260952,355438,1260958,7,32262,1260958
355863,191,1263128,355893,1263129,2,32264,1263129
355909,192,1263160,355924,1263161,2,32266,1263161
355958,193,1263280,355974,1263281,2,32268,1263281
355993,194,1263360,356023,1263361,2,32270,1263361
356040,195,1263456,356136,1263481,26,32296,1263481
356161,196,1263512,356294,1263550,39,32335,1263550
356303,197,1263560,356318,1263561,2,32337,1263561
356349,198,1263640,356368,1263642,3,32340,1263642
356962,199,1266736,357034,1266749,14,32354,1266749
357044,200,1266760,357059,1266761,2,32356,1266761
357345,201,1268048,357508,1268087,40,32396,1268087
357521,202,1268096,357659,1268129,34,32430,1268129
357667,203,1268136,357788,1268169,34,32464,1268169
358142,204,1269984,358958,1270219,236,32700,1270219
359364,205,1272320,359524,1272353,34,32734,1272353
359534,206,1272360,359669,1272398,39,32773,1272398
359677,207,1272400,359802,1272435,36,32809,1272435
359931,208,1273008,360075,1273044,37,32846,1273044
360259,209,1273960,360444,1274002,43,32889,1274002
360457,210,1274032,360721,1274107,76,32965,1274107
360756,211,1274232,360772,1274233,2,32967,1274233
361041,212,1275536,361198,1275572,37,33004,1275572
361208,213,1275576,361335,1275611,36,33040,1275611
361344,214,1275616,361485,1275651,36,33076,1275651
361495,215,1275664,361511,1275665,2,33078,1275665
361623,216,1276184,361770,1276221,38,33116,1276221
361779,217,1276224,361913,1276262,39,33155,1276262
361964,218,1276424,362116,1276466,43,33198,1276466
362177,219,1276736,362455,1276812,77,33275,1276812
362469,220,1276864,362484,1276865,2,33277,1276865
364120,221,1285059,367629,1286085,1027,34304,1286085
369133,222,1293911,369185,1293915,5,34309,1293915
369228,223,1293976,369353,1294010,35,34344,1294010
369367,224,1294080,369642,1294157,78,34422,1294157
369651,225,1294160,369773,1294193,34,34456,1294193
369799,226,1294224,369924,1294258,35,34491,1294258
369933,227,1294264,370083,1294307,44,34535,1294307
370093,228,1294312,370240,1294349,38,34573,1294349
370248,229,1294352,370369,1294385,34,34607,1294385
370377,230,1294392,370509,1294429,38,34645,1294429
370517,231,1294432,370655,1294466,35,34680,1294466
370665,232,1294472,370797,1294508,37,34717,1294508
370805,233,1294512,370931,1294547,36,34753,1294547
370939,234,1294552,371072,1294589,38,34791,1294589
371080,235,1294592,371219,1294627,36,34827,1294627
371228,236,1294632,371350,1294666,35,34862,1294666
371359,237,1294672,371496,1294710,39,34901,1294710
371524,238,1294768,371650,1294803,36,34937,1294803
371682,239,1294896,371808,1294931,36,34973,1294931
371817,240,1294936,371955,1294975,40,35013,1294975
371981,241,1295000,372289,1295091,92,35105,1295091
372297,242,1295096,372439,1295131,36,35141,1295131
372447,243,1295136,372585,1295175,40,35181,1295175
372593,244,1295176,372871,1295249,74,35255,1295249
372881,245,1295256,373015,1295289,34,35289,1295289
373026,246,1295296,373151,1295332,37,35326,1295332
373160,247,1295336,373329,1295378,43,35369,1295378
373338,248,1295384,373501,1295429,46,35415,1295429
373510,249,1295432,373624,1295464,33,35448,1295464
373633,250,1295472,373771,1295505,34,35482,1295505
373780,251,1295512,373900,1295545,34,35516,1295545
373909,252,1295552,374047,1295592,41,35557,1295592
374102,253,1295776,378750,1297142,1367,36924,1297142
378958,254,1298088,378990,1298089,2,36926,1298089
379010,255,1298144,379043,1298151,8,36934,1298151
