
Start time (time):1457296715244931525

Carving statistics:

carv-start-time,carv-file-no,carv-start-blk,carv-stop-time,carv-stop-blk,file-len-in-blocks,total-carved-blks,total-blks-processed
---------------------------------------------------------------------------------------------------------------------------------
Calculating time of sequentially reading 100000 512-byte blocks and checking each block for JPEG signature.
Nblocks, Start time, Finish time (in process timer ticks):
-------------------------------------------------

Calcluating regression for the linear test...
---
x[]:
1.000000e+02,1.000010e+07,2.000010e+07,3.000010e+07,
y[]:
4.384000e-03,1.085499e+03,2.044755e+03,3.015771e+03,

Regression parameters
Slope (blin):1.000655e-04
Intercept (alin):3.551381e+01


Calculating time of 1000 random block accesses. For each block a LIBLINEAR test for JPEG data is included into the timing.
Distance jumped (+/-), start time, finish time (in process timer ticks):
--------------------------------------------------

Calcluating regression for the jump test...
---
x[]:
1.844520e+05,5.373100e+04,1.174550e+05,2.600810e+05,1.117700e+04,1.756880e+05,8.880800e+04,2.580450e+05,1.996730e+05,1.752200e+04,3.091900e+04,2.736000e+03,1.181500e+04,1.676860e+05,2.134000e+04,1.766390e+05,1.686370e+05,1.798140e+05,2.088100e+05,6.728400e+04,1.973880e+05,1.722920e+05,9.706000e+04,1.133230e+05,1.017240e+05,4.966900e+04,1.326440e+05,5.240500e+04,2.065050e+05,3.248200e+04,1.378200e+05,1.303120e+05,2.768520e+05,6.799300e+04,1.690610e+05,3.358200e+04,1.380000e+03,1.008660e+05,8.086000e+03,2.129840e+05,1.550340e+05,1.282130e+05,3.678200e+04,1.977600e+04,1.007800e+05,9.834900e+04,7.520000e+04,1.271720e+05,4.845500e+04,1.731750e+05,2.267830e+05,6.327600e+04,3.367800e+04,4.724300e+04,1.754550e+05,1.823000e+03,5.607200e+04,5.420800e+04,9.441200e+04,1.525560e+05,1.512660e+05,7.618600e+04,4.746100e+04,1.640340e+05,1.899230e+05,8.782000e+03,8.213200e+04,4.246100e+04,1.293740e+05,1.890000e+05,1.826310e+05,7.774400e+04,2.353800e+04,1.911760e+05,4.244100e+04,2.241000e+03,9.930000e+02,4.845500e+04,1.973320e+05,1.461100e+04,1.816360e+05,1.206790e+05,1.674400e+04,8.665000e+04,2.039210e+05,9.797000e+04,1.643000e+04,8.238100e+04,1.210010e+05,2.515790e+05,1.217600e+04,2.013720e+05,2.790900e+04,2.023650e+05,2.607900e+04,1.743300e+05,1.124510e+05,9.714300e+04,9.649000e+04,1.631930e+05,4.470000e+03,1.798440e+05,8.873200e+04,1.865660e+05,6.019500e+04,8.562600e+04,1.811950e+05,4.215600e+04,6.388600e+04,2.447700e+04,9.179500e+04,1.123940e+05,2.115100e+04,1.326720e+05,4.180400e+04,5.651000e+03,1.831370e+05,1.111170e+05,1.998490e+05,2.260600e+04,1.926240e+05,1.503090e+05,6.995900e+04,1.338460e+05,6.815700e+04,1.805500e+05,4.759000e+03,1.086470e+05,6.094100e+04,1.999400e+04,6.659200e+04,2.377580e+05,2.140960e+05,1.971040e+05,5.334000e+03,1.544460e+05,7.529300e+04,9.268100e+04,4.277000e+04,2.233200e+05,1.584670e+05,4.853000e+04,6.852500e+04,6.014500e+04,6.248800e+04,1.081250e+05,1.072000e+04,4.597300e+04,4.574500e+04,1.764800e+05,8.241500e+04,5.730700e+04,3.644800e+04,3.192100e+04,9.331000e+03,7.469200e+04,2.205990e+05,2.215220e+05,4.654200e+04,9.178800e+04,1.150670e+05,1.231970e+05,7.116100e+04,7.262400e+04,1.936250e+05,1.652200e+04,7.261000e+04,1.428940e+05,1.550240e+05,1.914730e+05,9.709100e+04,6.813000e+03,1.152320e+05,1.435920e+05,7.420800e+04,8.994100e+04,1.638020e+05,1.766630e+05,4.736900e+04,1.651680e+05,6.892700e+04,2.180270e+05,2.458300e+04,7.305000e+04,1.482940e+05,1.880330e+05,8.358000e+04,1.073700e+04,1.415410e+05,4.240200e+04,2.036450e+05,1.415830e+05,1.040610e+05,1.205010e+05,1.963780e+05,1.229900e+04,1.854440e+05,3.688200e+04,3.686000e+04,1.851750e+05,1.382000e+03,2.655910e+05,5.446800e+04,2.045360e+05,1.202840e+05,5.285500e+04,2.392800e+04,2.037640e+05,8.431300e+04,1.376590e+05,1.228400e+04,2.599320e+05,2.458300e+04,2.300000e+02,3.709000e+04,3.847100e+04,1.223800e+05,2.497700e+04,1.768480e+05,1.039550e+05,2.733070e+05,2.013490e+05,1.940720e+05,6.839500e+04,1.126150e+05,8.803200e+04,1.659850e+05,1.737140e+05,1.740800e+05,1.268140e+05,1.115730e+05,1.094370e+05,1.137730e+05,1.108000e+05,2.545700e+04,1.610080e+05,2.928600e+04,1.388460e+05,9.031500e+04,3.291700e+04,1.967450e+05,8.584800e+04,2.453400e+04,8.580000e+04,2.001500e+04,2.598800e+05,2.233200e+05,1.546710e+05,8.860500e+04,1.213300e+04,1.115370e+05,2.215200e+04,6.042900e+04,3.874300e+04,1.992740e+05,3.262800e+04,2.321920e+05,1.908820e+05,4.085500e+04,1.404100e+04,1.361840e+05,1.089880e+05,3.443200e+04,5.972000e+04,7.752900e+04,1.288130e+05,1.557100e+05,3.035100e+04,1.418880e+05,1.419470e+05,1.042000e+05,1.567680e+05,6.867000e+04,7.070800e+04,2.435220e+05,4.336200e+04,2.618500e+05,9.534100e+04,1.417200e+04,8.079000e+03,1.953820e+05,1.156370e+05,1.933300e+05,1.980600e+04,7.401900e+04,9.265900e+04,1.234270e+05,1.188800e+04,1.156070e+05,1.394650e+05,1.958200e+05,1.576690e+05,1.982420e+05,5.054000e+04,7.791000e+03,6.411800e+04,2.011210e+05,2.778500e+04,8.572100e+04,1.512120e+05,9.577300e+04,3.897700e+04,1.062840e+05,7.674900e+04,2.103000e+03,1.597710e+05,3.047100e+04,3.161000e+04,5.202000e+03,1.771940e+05,1.780200e+04,9.095600e+04,1.204400e+05,5.341600e+04,2.807140e+05,1.506000e+03,1.319260e+05,9.874500e+04,2.050280e+05,6.843000e+03,1.987270e+05,6.690100e+04,9.851100e+04,9.216000e+03,8.652800e+04,3.510400e+04,1.049800e+04,5.290600e+04,1.262860e+05,1.548700e+05,2.654940e+05,7.243000e+03,6.423700e+04,5.945500e+04,1.825550e+05,4.791000e+03,2.264380e+05,2.339900e+05,1.947850e+05,9.190000e+04,2.034940e+05,2.106690e+05,1.857450e+05,3.743800e+04,3.144600e+04,1.057030e+05,6.129600e+04,4.986400e+04,2.020230e+05,6.090000e+02,2.042070e+05,1.846340e+05,1.429870e+05,2.252300e+04,1.137600e+04,9.314000e+04,1.742550e+05,7.774100e+04,3.820600e+04,2.472410e+05,7.632600e+04,2.624100e+04,9.386300e+04,1.161330e+05,1.155170e+05,1.972300e+04,1.114010e+05,7.252400e+04,1.481970e+05,1.855700e+04,1.116970e+05,7.444200e+04,1.626110e+05,2.008170e+05,2.723000e+03,7.904800e+04,1.475950e+05,2.236990e+05,1.015890e+05,1.732010e+05,1.883030e+05,5.003200e+04,1.698070e+05,8.760200e+04,1.458900e+04,1.322430e+05,5.400000e+02,3.508100e+04,1.962930e+05,4.185000e+03,1.337410e+05,1.550050e+05,1.410770e+05,3.866100e+04,5.842500e+04,6.397500e+04,4.963100e+04,2.075540e+05,1.223600e+04,1.104460e+05,7.039000e+03,1.795100e+05,1.255760e+05,3.468000e+03,2.079280e+05,6.071800e+04,6.765000e+04,1.185430e+05,2.357600e+04,1.469180e+05,8.200100e+04,2.490000e+04,1.597930e+05,3.713600e+04,1.071740e+05,1.031590e+05,1.443600e+05,1.367060e+05,1.324900e+04,9.770600e+04,2.214230e+05,3.579300e+04,1.798340e+05,2.592810e+05,6.054000e+03,3.478400e+04,8.373900e+04,1.180870e+05,3.480000e+02,1.183500e+04,1.475070e+05,2.715400e+04,1.253250e+05,2.200000e+04,3.524800e+04,2.566710e+05,4.245600e+04,2.074710e+05,5.363200e+04,1.315240e+05,1.291200e+04,1.375790e+05,3.606500e+04,9.587200e+04,8.411700e+04,9.281600e+04,7.947400e+04,6.166600e+04,1.066280e+05,2.280210e+05,2.236110e+05,7.762300e+04,1.216510e+05,1.887430e+05,4.012700e+04,1.777060e+05,5.006700e+04,2.453460e+05,1.146510e+05,1.961920e+05,2.820000e+03,1.397970e+05,7.330000e+03,7.429000e+03,6.801300e+04,8.505300e+04,1.131730e+05,7.014700e+04,8.062200e+04,5.003600e+04,1.858760e+05,6.446900e+04,1.894080e+05,2.472720e+05,7.856100e+04,1.918890e+05,2.630020e+05,3.821000e+03,3.082500e+04,5.967400e+04,9.883700e+04,2.120100e+05,1.768200e+04,6.912100e+04,1.972200e+04,2.429190e+05,2.410270e+05,1.882970e+05,2.522860e+05,1.691760e+05,1.246510e+05,5.431300e+04,1.666580e+05,6.930900e+04,4.131700e+04,1.235590e+05,
y[]:
9.413950e-01,3.974380e-01,2.668790e-01,4.207430e-01,2.150830e-01,2.213310e-01,4.376320e-01,3.942920e-01,4.294250e-01,2.103200e-01,3.099590e-01,2.065030e-01,2.188160e-01,3.679930e-01,1.956840e-01,3.676040e-01,3.596030e-01,3.992750e-01,4.144790e-01,2.737980e-01,3.615190e-01,2.089580e-01,4.063200e-01,3.421760e-01,3.664940e-01,2.198640e-01,3.701270e-01,2.132090e-01,3.976000e-01,2.229200e-01,3.689140e-01,2.108830e-01,3.926270e-01,3.838570e-01,4.541910e-01,2.258740e-01,2.044620e-01,3.885540e-01,2.356430e-01,4.322970e-01,3.637020e-01,4.368370e-01,2.061060e-01,2.038490e-01,4.182300e-01,2.065640e-01,2.445320e-01,4.117580e-01,4.427220e-01,4.390960e-01,3.082650e-01,1.768570e-01,3.914550e-01,4.576860e-01,2.123690e-01,2.165580e-01,3.778380e-01,3.099830e-01,2.217880e-01,7.130700e-02,4.310600e-01,4.118920e-01,2.744070e-01,3.274720e-01,4.505770e-01,4.308810e-01,3.874310e-01,2.263710e-01,3.727990e-01,3.817430e-01,4.091550e-01,4.154880e-01,3.703790e-01,4.213770e-01,3.093980e-01,2.294640e-01,2.284900e-01,3.692300e-01,3.904270e-01,3.984780e-01,2.550980e-01,3.667890e-01,2.022820e-01,4.364430e-01,4.423120e-01,6.649400e-02,2.593470e-01,2.659250e-01,2.097420e-01,4.267400e-01,3.621740e-01,3.752870e-01,2.735110e-01,4.727870e-01,2.062420e-01,3.356640e-01,2.753110e-01,3.429480e-01,3.870650e-01,3.719190e-01,2.203210e-01,6.293000e-01,3.091110e-01,3.624070e-01,3.100240e-01,3.381120e-01,3.997560e-01,3.369520e-01,4.175080e-01,2.514410e-01,4.434690e-01,2.132440e-01,3.715680e-01,2.257460e-01,9.684000e-02,2.255110e-01,4.667520e-01,3.545340e-01,3.694160e-01,3.771090e-01,3.800740e-01,4.233130e-01,4.183360e-01,3.841420e-01,2.284470e-01,4.151250e-01,3.960150e-01,2.023640e-01,1.646790e-01,2.128070e-01,2.155550e-01,4.269570e-01,3.870900e-01,3.957410e-01,9.229000e-03,4.092320e-01,3.592660e-01,4.268090e-01,4.021500e-01,1.786620e-01,2.049490e-01,1.570240e-01,2.141880e-01,2.123290e-01,4.003550e-01,4.218170e-01,4.844830e-01,2.708360e-01,2.205620e-01,3.751460e-01,4.516930e-01,4.225680e-01,3.546060e-01,2.045740e-01,2.047070e-01,2.091350e-01,3.728970e-01,4.055350e-01,1.595060e-01,4.110720e-01,3.398930e-01,5.429070e-01,2.738290e-01,3.430490e-01,2.570600e-01,2.054280e-01,1.959360e-01,5.239450e-01,3.685400e-01,3.676770e-01,2.028640e-01,2.093760e-01,4.205860e-01,2.088910e-01,1.933850e-01,2.102390e-01,4.006350e-01,1.306560e-01,3.918770e-01,3.429700e-01,2.115450e-01,3.923690e-01,4.113110e-01,2.716850e-01,3.796970e-01,3.769820e-01,3.064260e-01,2.857660e-01,3.939350e-01,3.065360e-01,2.381520e-01,2.084670e-01,5.583320e-01,4.307770e-01,3.591770e-01,2.104430e-01,3.801910e-01,3.607960e-01,2.750320e-01,3.630010e-01,4.278270e-01,4.089510e-01,2.541990e-01,4.236470e-01,2.110110e-01,2.379720e-01,3.108490e-01,3.804400e-01,3.622500e-01,2.702370e-01,2.099840e-01,4.139390e-01,4.090190e-01,3.514100e-01,3.726710e-01,2.146190e-01,3.947900e-01,3.662080e-01,3.504200e-01,3.779180e-01,3.497000e-01,3.946920e-01,4.031580e-01,2.136200e-01,2.276060e-01,1.490700e-01,5.139050e-01,5.160260e-01,3.684760e-01,5.240870e-01,1.232870e-01,2.810760e-01,2.037350e-01,4.330030e-01,3.106400e-01,3.721530e-01,3.799560e-01,4.024770e-01,3.070550e-01,3.301230e-01,4.271830e-01,2.168640e-01,2.447790e-01,2.695930e-01,3.744740e-01,3.450750e-01,4.106450e-01,2.160320e-01,5.695330e-01,2.734050e-01,4.263990e-01,2.382140e-01,2.647810e-01,2.127290e-01,4.048190e-01,2.667980e-01,4.282740e-01,5.756270e-01,3.629730e-01,4.173960e-01,1.038600e-02,3.747610e-01,3.518590e-01,2.753350e-01,3.132370e-01,4.250960e-01,5.286250e-01,3.951400e-01,3.823010e-01,1.177000e-02,4.289420e-01,9.646000e-03,1.105800e-02,1.390500e-02,4.361520e-01,3.102130e-01,5.388790e-01,4.270150e-01,1.986170e-01,1.292600e-02,4.839580e-01,2.053170e-01,4.217280e-01,2.094370e-01,2.086810e-01,3.404930e-01,4.535930e-01,1.891690e-01,1.740790e-01,6.682660e-01,1.184900e-02,2.706150e-01,3.703660e-01,2.695220e-01,2.160540e-01,2.058860e-01,3.775240e-01,2.090390e-01,4.438970e-01,3.202850e-01,3.502910e-01,2.301130e-01,2.387810e-01,3.132880e-01,4.332180e-01,3.671990e-01,6.034020e-01,3.450310e-01,3.499520e-01,4.241790e-01,2.190950e-01,1.039300e-02,4.746490e-01,3.713370e-01,3.155390e-01,8.529700e-02,3.853150e-01,2.459940e-01,1.147100e-02,3.471910e-01,3.723460e-01,4.022330e-01,2.231540e-01,8.980200e-02,3.469590e-01,1.183400e-01,4.518630e-01,2.504060e-01,2.156000e-01,3.735020e-01,6.655440e-01,3.758720e-01,1.736840e-01,2.140310e-01,1.834910e-01,2.558250e-01,4.027460e-01,3.354590e-01,1.970640e-01,5.605370e-01,3.612850e-01,3.642730e-01,3.847590e-01,1.482840e-01,1.045300e-02,1.649990e-01,3.677650e-01,2.679990e-01,6.644720e-01,2.137360e-01,6.451010e-01,2.025620e-01,2.584480e-01,2.169480e-01,2.083320e-01,3.547400e-01,3.430260e-01,4.195210e-01,3.977150e-01,4.021300e-01,5.367640e-01,4.325980e-01,4.069910e-01,2.531450e-01,4.190880e-01,3.787560e-01,2.627130e-01,2.102730e-01,3.937250e-01,3.875830e-01,2.033780e-01,2.057140e-01,1.129390e-01,4.243190e-01,4.017280e-01,2.100890e-01,1.232600e-02,4.054150e-01,1.041500e-02,4.123840e-01,1.132200e-02,2.023870e-01,3.996230e-01,3.158510e-01,2.126180e-01,3.944020e-01,2.622800e-01,3.681790e-01,7.905070e-01,2.046180e-01,2.746810e-01,3.558190e-01,2.739660e-01,6.615700e-02,2.115570e-01,3.526850e-01,9.993000e-03,3.084030e-01,1.223300e-02,3.579850e-01,4.100220e-01,1.229000e-02,2.619090e-01,3.290500e-01,3.888700e-01,1.913690e-01,2.677780e-01,1.188890e-01,7.485400e-02,2.665960e-01,6.461400e-01,3.905510e-01,3.772980e-01,8.754900e-02,1.591620e-01,1.030530e-01,2.113790e-01,4.802700e-02,2.042250e-01,3.816240e-01,3.962980e-01,2.756920e-01,6.464020e-01,1.288400e-02,1.312740e-01,4.572890e-01,2.573290e-01,3.858020e-01,2.344900e-01,1.174000e-02,2.166700e-02,1.806700e-01,2.002120e-01,2.251710e-01,2.111950e-01,6.022350e-01,3.084070e-01,4.418580e-01,2.755970e-01,4.164880e-01,4.226490e-01,3.752670e-01,2.115120e-01,1.191610e-01,2.268410e-01,2.420710e-01,2.179500e-01,3.677830e-01,3.486380e-01,1.027000e-02,4.055860e-01,2.450100e-01,3.974790e-01,1.855600e-01,9.084000e-03,2.732570e-01,2.511720e-01,1.134200e-02,2.065110e-01,3.601860e-01,2.789610e-01,3.879080e-01,2.613180e-01,5.145100e-02,2.122890e-01,1.070300e-02,4.643520e-01,3.721360e-01,3.533070e-01,4.478410e-01,1.026400e-02,3.346640e-01,3.798100e-01,3.804040e-01,4.195920e-01,4.692510e-01,1.128500e-02,2.210040e-01,1.943940e-01,3.702550e-01,1.122500e-02,1.114400e-02,2.499760e-01,3.110670e-01,1.028300e-02,3.865150e-01,3.887910e-01,3.591980e-01,3.865850e-01,5.373680e-01,2.151640e-01,2.259090e-01,3.495480e-01,1.166600e-02,9.208500e-02,1.342100e-02,

Regression parameters
Slope (bjmp):5.254380e-07
Intercept (ajmp):2.515847e-01

